Schenrl. 1113 «113113333313331. 3133113 331. 1133131. (133 Ke’nder. 197

133 1133113331 131 331331113133 113313333333 133 13313. 1331333333
31311 3311311333. 111333 [31313333 333133 333133 333 31133 1133133311
3311131333 Interesse gelesen 333133.

Mace Hune S. J. 13 1113333131.
12. A. 38313331, Die 8133333313931333 1133113331131133 Kinder-

333131333, in der 1133133133 Zeiteehrist [113 Κ13313333311,

3. 11133, 1131111891). S. 5-18.

1133 1133133333 3133331 mit 11331133, 113 113 deutschen Reiehe
13313133133 1331333333133 111133 113 religiose 1113133333131333 »nn
31333113 333 313313113313333311113133 (133131133331133 333 33333311
331 33 3313 333333 nent 33133333, 1333 33 313 3333311131 331331-
33311113133 113311333111113133 131, 333 133 333131 11331311331311,«
331 33 331 »333313 denum 11313313 31333 33333113333113133 1131313-
333313331333, 1313333113 13 113831113 133113333113133 Rechts 33
1333111333, 3313131311133333313331311 13 jener 11331313333331311313
haben. 13133 11313131 331313113133331113 13 31133 133133333313-
113133 133113333333 3131113 confession 133 1113133 33 finden. 113
3333113111 3131 3133, 113 11. 1508 331 1658 133 13133313 31333
113333113133 633313133133 113133 [13313313 113131 33 313313133 331
an 11333 stoue reiehsgesetzlieh zn bestinnnen: »Die 13313133133
13313333331331133 113 (1331333133 133 Κ13133 3131 3133131333

1113333 3311333 131 3133133 1133133333 31311 3333333. 113 1111
33 1113 3311333113, 133 3113311313 113131333333311 13 3331311133 331
113 1331133333133 11311313331313331313333 3333131131 3313331113133,
331 3333 3111 1113131311 »331 133 8133133311 331 133133331333 3331
331 133 13333113 131133331331313133 33133133 133 3313311313333 133
813313331333133313313313133133 113113133333331133131133, 313 331113
Ρ111311 133 813313333311, 113 1131311333 dieses 13131333 Serge 33
tragon« 13 333131, 313 »113331331331331331338133133( 331 3111111313-
31311 331 113 133133133333 133 131131133133 3313131331331133133
1113313 3311333113, nm 133 1133133311 131 jeder 3331331133 Ehe
333331333133 81331113131133 313 zie! 33 senen« 1113331113τοῦ3·
33131333113333133131133 131 33 131133 3313133333. 13133333 113-
333 1113331113 13 1333113311313113311, 1130331333133 der [1131331331
33 1331133333, 13331 »111313131133 331133 8133133311( 1113313331
31311 33333111331131 nerden3 13 3311111313 8133133 kann 133
»8133133311 3131113333 31113333, 31 313 Κ131 1311311331 3133
33313313311331 3333333 wind. anenn dienen 3113 selene Lendeege-
33133, 313113 1131313333 13313333 131, 31311 1313 1313133, 3331333
dem 1131313133 33133133 1333333311313333113113133333331133131133.
Sehen 113333313131, 1333 dem (13331333133113, 133 Η333 3. 8313331

 

