208 Porach, 8881818888]881818881818881881888 181 8888818888.

888811888 188 0181818818 vom 2. Μ188 1847 88188181188888

81 14. S. 59), 18 8888818181 88188188 der, im Februar 1885 er·
18188188 8881188818818888 881 der 1818188818, irriger Weise gegen
118 Person 188 188811888888818888188118118 Vermogensverwaltung

' der Beklagten 888811818811838181188888888 (September 1885)

818 1818888888 7-8 1188818811881, 18181 1881 188 [18818818
88818883 88 ⁴tragon 181, 1888 181 1188818188 11818818881188888188
1181881811888 81888 Ρ88888888 18188818118188 81181181 mehr Ζ811
18188888188188, 818 181 8188188188 18888888, 881 8888 118
gogonwartige Klage 88111818 des Jahres 1886 81888881811181, 81811
88888181188188888 8881881881, 1888 der 811188 Abweisung der
Klage endigendo Vorproeess 8881 [88188888 1881188188 181, 8188
von einer 811 188 88881118 »8888811818 18 1111818888818818188188
18813888881881881811888 der Besitzsohutzklage 81811 mehr 118
Rode 8818 kann.

18 dor 88818 881181 888818 der Klageantrag 118 1888818181-
881181 werdon.

118 8181 18 8118888188 118811881811118 11181888188188888 188
88811888188 88811818118888188 1188818188 88811811, 181 Begrssb·
nissen 118 11188188 1811888818 181181188188 1118818 88 188188,
18 188 118888 118 8881181888188811188 8818818881888 881 zu
118888 881818188 11888 durch ihre Organa zu 111888 881 818188
zu 8888118888.

181 8888181888 18188 1118888 nur 888188881888, 1888 818 8181
8881118118 vor der 8811888188188881811818881 1885 18 8811888
88818818888118811818188188, 1888 818 18888118 118 18118 unge-
811181, 1881 881 8118811181 88888111 18188 (cfr. 8188887. 111. 1.
188 111888. 1881888118 8888181188888 188 0188181188818 8144.
S. 261, Entsoheidungen 188 88181888818118 81. l. S. 103), 8818181888
818118888 88811888, 818 818 1818188188, von 188 88118818 durch (18-
881188188181 worden 8181 (ἕ. 146. 11181 7 a. 801.

88818 der Boklagten 18188 damen, 888188881888, 1888 dor 88-
8118 1881118881 818 1811881811883888888181, 8188 1888 818118 88188188
durch 888811, 18181181, 8111181 odor bittwoiso 118818888818188.

1188811888 81811 nur 8881118118 881888881188818818888,
sondern 88111888881818888181 18 ruhigon 8881188 188 8188111888
Rechts 18188188 18188, 181 durch 1181888888181818811881881888
88188188 Zeugen 1188888 881 818188 18 Verbindung 811 188 8188888
188818818811113888888811811811 88818888 881 181 8881 118 18
dieser 1881888 8888188818 88881888188188 818118 8888188, 88811888
Annahme entgegenstando.

 

