58 Perseo, Emisteirony 11661· Filiaiqemeiode 66 einer Klooterklrcire.

Weiso 166 (1161166616666616 111 Η1116 1166166. 16611111161111166
durch 116 11111161116116 161661166 »1616111611 16661661166111166
1116 11616116 1671 166 1661 11661611111166166 161 Ρ1111161166 0616-
1616661 (111. 116166161616661166161111116 01661111161111. 11 1. 1.
16 116166 11611116161611161616) 1616161616 jus parochiae, d. 1. 116
116611 11 166 611661116161 11111616111166 111166 611616161 1116.

liin 6616166 1116161 1611616111 11611161161116611, 16116 1161111- 1

6111116161 1611111616661111 161616 1161611 16166, 1666 616616161
Κ166161111116 11111 6611 11116161 Ζ611 6661161666 ’ 611 1166116161
(161166116661 161 6166 8661661111 111 116 1611611166 6111111111. 11116
1611616 1661111111 1611111 116 Ι16166661161166 166 16161 661166661116
rom 17. November 1703 (1.4), 16 1161616166 161661, 1666 im Kiosier
611 exercitium pubiicum religionis 1611611616 6161111116. lein 6611166
11111116 116 1161161161 6661 111. 2. fi. 1. 166 [1611116161611161616 611
11111166, 1666 66 1616116 1616116611166 166 1611111616 6161111111.
11661 166 166116111166 161 1616111166 1611 1161161111166 11611111-
6166611116611661611116166 86111166 66 6161611161 1161 111 16
1166611 16116 16111161 11166. 1116661166, 61611161 161 111661 161
1111111616111 1161611611611101616 166611161166 6161 111 116
Verbot 166 11611111666, 616 116 1611111166 vom 182 November
1704 (1.5) 161 rom 111111 1705 (111. 1161611161 1816166161
ergebeo. 1161111166 116 1661, 616 616111116 16111116166616117.
161181611116111116161 111 1166 11161 6161616 [1161661111
166 1616 1661611 166 rorigeri ι161111616116 61161661166166161-
16116166166161116116166161161161, 66 166111611111 6111 116 61116
16661116, 1666 161611616116 116611166 16611611116161611161116 161
66161 66166 66111661 6161 161366111616111611616611616166066166-
616611 16161 11166116111161161111161 16611666111 16116, 616 1611-
611611161 116611161111161166116161 111 116 161161116116161 Κ166161-
111116 6161111111 161116 116616116161116166116 86616116 61611166.
8111661666 116 116111116 166 18. 161111616116 1611611166 116
1611611166 161111161161661116 111161161111161, 116, 11616166 11
61111611, 1611616 661661661161, 61611161] 6161 1661 1111616, 611
1111116166 116611, 1666 11161 116 Κ166161 116 861111111 661161
Κ11616 1111 161 1166111166 (161116116661 16616116. 86166 1111161
1111116161 11161161 61616166 1611611161 161 1111161611 Μ66666 161
(161616161611111616111111161 66 16111166 111 11616116161061611,
61611618661116116611 161 1161661616 1161611-116116 161616161 1111-
1611116 061611, 11161 Τ6616166611616 7.]111 1827 1111611 ’111161
1111666111 16111 161 116661166 6161 66161611616116161061611
1666611161 300 1111. 1111 061111061611611111166611161 111116.

 

