XI.

’ 1111111111 1111 111 111 ΙὲἻ11111111111 111 11111111 1111111
11 sque 1.

Ρ111111111 1111111111111111111111111
11131111111111 811111111111 111 01111111111111111. Fet. Porsch 11 11111111.

Ρ11111. 11111111111111111. 11. ’111 11.

8. 710. 711 11 11111111 111 1111111 111 Bane und 111 1111111111111 111
11111111111111 durch 71111111, 1111111111131111111111111, 1111111-
11111111 (111111111111 1111 1111111111111111111131111113111111111-
1111 111111111111, 11 111 11 1111 111111 11111 1111 Β11111111.

1. 788. 771111 1111111111 1111111 (11111111131111111)1111111111111111111
1111111 1111111111111111111 11 1111111 sind, 111 1111 111 111-
11111111 1111111111111 Ρ111111111ς1111111 zu 1111111111.

1781711111111 11111 11111111 1111111111 8111111111 111111111111,
ds 111111 11111 Κ11111 311111 111 Bau· 11111111111111111 111
1111111 111111, 111 111 111111111111111 31111111 11111111111111-
1111111111111 1111, 111 1111 Patron 111 111 1111111111111131111111
1111111.

11 111 Ρ11111111111 1111111111111111111. 1111111111Ρ11111
111. G. 111111111111311111111111111 12. 1111111 1891 1111111111111
(1111111111 11111111111111

»Dor Boklagte 1111 111 01111111 111 [111111111111 111 111-
grfindung 111 Psarrbaulast 1111 11111111111111 111 will 1111111111
1111111111111111111 111 111111111111111. 710, 111 11111. 788
111 781111111111111 11 111 1111111111111111111111 gesolgert
111111, 11111 1111 1710. 11111111111111111111111111111 —
11111 7111111111 111 11111111111111 1111111111111 - 1111111·

11111111 611111111111111 besondere Privatqesetae 1111111111 111· ·

111, 111 §§. 7881111789 dagegen 11 11111111 ’111 Ρίανν111111 111
auf Provinaialyesetze 1111111111 111 111 11111 1111111 11111181-
111111111111111111. 11111 111 1111111111 111 8111111111 11111111
111 111111 111 711111111111 111111111111 111 Psarrbaulast gesetzlich
genau 11111111, so 11111111 11111111111111111111111 0111111111
111111 111111 1111111. Der 8111111111111111111 diesen 1111111111-
gegengotreten und 111111111111111 111111 Bemangelungen 111111-
111111 1111111111 11111111 zu 11111111.

71111111. 7881. 1. 0. 11111111,

111111 1111 nach 11111111111111 1111111111111Ρ111111111·

91111111 1111111111, 11111 111 . . . 81111111111111. ..zu

111111 11111,
Archiv 1111 Κ11111111111. LXVIII. 14

 

