8 Ρ66666, 3111611166666666661666 6661666 8166166166666.

S. 3216. 61666166-86666161 666 Ρ66666166666 1116161666 666 66161-
66666 666616666661166 6666 30. September 1874 -66666666161
16 6. 1166666 86666666666 6. 6666666 116. IV. S. 163 -,
1116666166, 1116666666661 116. 11. S. 166 11616 5.

866666 666666661166 161 66 6661166, 6666 66 666 616 Μ11661616666
666 816616 6666166666666 Ρ66666161·11666666666666 6666 616 86-
66166666 666 mit 6166666 366666666611661661166666616116166111161-
6616616666 666661, 6666616166 661666, 6666 666 6611666666 666
6116666. 1666666616 666 666 6161166666616666 61661661116 66166661
6166, 6666666 6611616666 6166 16666616 611666 166. 215, 219 Τ6Ι. 11.
Tit. 11 6116666. 1666666616, Η16666166 a. 6. Ο. S. 470. 471, 66666666,

1166 666666116666 1116666666661666 Ρ66666166666 816616 8. 230 161.
11666 666 1166666616, 666666616116666 Personen 61661 6666 6166111666
(16666616666 6666 6616161666 666 6616166666 66166666 1666666, muse
66616 166 61666 (1666616666, 661666 666 6116666166 1666666661 16666-
16166 616 661666 6666661 (66. 333, 366, 726, 791 Thi. 11. Tit. 11),
666666661166.

16 allen diesen Beziehungen 6166166611666166666166166, 66 6611
6616666666, 61661 6661 616666 6616616161 666616666666816666661616.
8161666661 66666 616 6611661661116 8666666666 661666 1161666616666
6611 6666 1166161666166666 616 6166 6666166611666 66666. durch 666616-
1661666611666661166666666 66616666616 6666166661666666.

366666666116161661 666 1111666616 6666666 166166616111, 6666
6666 66666666 666 666666666166 6666166666666661116661611116666
666 1616666666 36161666661666 66166 6611666 6666 1111661666 666
66611661666 8166666666666 6616161661. 1166 6166616 666 6661161166
666666 6666 8616166166 66666666666666 1166661 16666 6666661666666
6611161666 3666666666 666661666 666 6666 6666666666 11661661. 111661
666 66666161 666 666666 166166116666111666666666161666111666116-
66666666 666 8666666166 1116 616 666616166616661161666666166 661666
8661661666 61666 66666 616666666616666 1661. Η166666166, 816666666661
116. 11. 8. 292 fg.. 407. 86666116, 66666666 6661661661. 1166666666616
- 3. 6611666 -- S. 283, 6616616666, 66666666 666 1166666666616
- 2. 666666 - 8. 138), 6666666 6666 66666666611666 116661166111
61666 6166666666. Dies 6666111 66666 666 666 6661116166666 166-
6166666 66166666 666 3661661666 66666 Ρ66666166 66666666 ,16-
66666666166 fl. 238. Thi. 11. 111. 11 6116666. 1666666616, 616 6666
6666 im 6. 241. 66661661 616 8661166666 666 6666666 61166666 616
66611666, 66666166166661616661666, 1166166616611 666 8616616666·
66166666 6666666666161 6166. Es 16161 6666 6666 666 666 116166 666
86666, 66611 6661166666666666661166661666, 666661 6666 66 sich

 

