372 111111.111..1.11.111111111.·11111. 1111111. 111-1111111111.

11111111111111,« 111111 mit 111 111111111111 1111111111111111111
111811111111111111 11 11111111.

[111111111111 111 1111111111111 111 Berichtigungen in 111
11111111111 Weise (Abs. 1) 111 jeooeh 111111111111111111111,111
11111111 1111111111111111 durch 111 1111111111111 1118111111-
11111111 1111111 1111111111111 111. Von diesem Zeitpunlee (111 kenne„
erforderliehe Berichtiyunyen jeder Art, insbesondere 1111 1111111-
11111 1111111111 11111111 durch 11111111111111111111111111111111-
111111111111111111111111111 111 111 dem 11 111 55. 65111166
111 111111111111111 vorqeeeichneeen Weqe auf (11111111111111111111
Amanum 11111111, 1111111111, 11111 81111111111111111 1111111111
111 Berichtigungen als 1111111111 11111111, 111111111311111111111
deren 1111111111 1111111111. [11181111111111111 1111111111] 11111111
11111111111111111111111111111111111, im 111111111 1111 111 111-
11111111111 111 111 Amtsgerieht 11 1111111111 111 11 allen 111111
11111111111111 1111111111 (111111111111111110 3).

1111111111 11 111 1111111111111 111 11 111 11111111111111111 11111
11111111 11111111.

1111111111 auf 11111111 1111111111 1111111111.

5. 23. Bei 11111111111111 11111111 111 111 1111111 111 55. 20, 24,
58, 62 111 111111111111111 (11111. 1111 5. 16 111. 21 111 1111 5. 13
111. 3 111 111111111111111 111 5. 81111111111111111111111111 111
8111111111111 111111111. 111111111111111111 1111111111111 finden
insbesondere 1111 111 1111111111111 111 5. 22 111111111111111111111-
1111111 1111111111.

Nebenreyieter.

5. 21. Die 1111111111111111111 11111111 1111111111111111 Haupt·
11111111 1111111111 1111111111111 11111111; 111 [11111111111111111111-
1111111111 1111 11 11111111111111111111. Die 111111111111111111111-
11111111 1111 11 1111111111 Tage mit der 1111111111111111111111111
11111 Η1111111111111111111111111 1111 111 11 111111111111111-
111111111111 11111111 Η111111111111 11111111111111 1111111111( 111 Da·
1111111111111111111111111111(1111111111111111 Β 1 em 11111).

1 1111111111 der standesreyiseer.

5. 25. 1111111111111111111111 Η1111- 111 111111111111111
1111111 1111111111111111111111111, 111 11111 1111111111 1111111
111 11111111 1111111111 111 11111111111 1111111111111111 mit, den
Worten zu ersolgen:

 

