 

⁸ 216 Ρο10011100100100110110.·1]01011.,100.10 Ρ10000.·801100100.

101 11011110 100011011 101 (110000011101100101101011100100010111
1101100101 001 01 010 101 1111οο110 00001111010111001 (101. nno
scheidungen 100 01011011011000000110110 8111111. S. 60, 811111.
81071.

10 01010101 8001010ηο kann, 10 00 0101 01011 00 0100 0010
01010111110, 0001010 00 110 1011001010ηο 010011010110110101
0010010010100101010001001011, 00011 100 800010, 1011011001 110
1001010110ηο 100 1010110100000 111101100010100, 1010 26. Mai 1887
((100-80001. 8. 115) 01011 11011 010111, 1000010110100 9. 18. 101
110010000010011001100 100 23. October 1817 (1100800018, 248)
10 1011101000 011 101 1110111010100 0111010031. December 1825
(Ger-Samni. 1826 S. 5) 1010 80100100011101100.

1010100110 101 0001 100 8011000 101 11010111011010111011000100
10101 100100101οη0 001 0001 1101 000000100100 (110010011οη 10
111100, wo zu 01001 10110001010 110101101101011101110100 (100100-
010000 00110000 0101, 10 101800011010010010010010 00010001000110
11011010000010111011 01011 1100 irin 11010101000, 0001010 0001 111110
101 anderen 8001000100 000010100100110101 0100 11010010 101 10·
1101001011 1011000101, 0010100 110 8010010101 1111110000 011100-
10110010010110000001001 001001100100100 1100100 0100 1111011 100
1100010101 8010100101101110001001 (Schneider und 0111010100, Das
Volkoschnlnesen im Proussisohen Strato, 111. 11. 8. 138 Nr. lc).
Die Anwendung 110000 (110010010οἐ 10101110001110011110011110101
10100 010110110110 0101 100010 11010 00000001100000. 10110111 101
100100001010 110 8010000100 101 Κ1000110 001 5. 7. 100 801100100100,
1101101101οι1801011001000010100 181101 1801, 1100001 1010 0110-
00101110100 110 101011011000 0111001, 100 zn 0100180101010100-
10100 confession 0011000000 11101010 001000 (11001000 100 1101101000-
0010111011 zu eriboiien. Denn 11000 8001100000, - 000 11010101
100 100 001011010100100 (101101101010 (10101. 110 1010110011101100
8010101100000 Bo. XV111. 8. 183 n.) 11011011101110111011011101
1011011010 1010101101 Religion zur [1010110110001018010101101-
0110110101(8010101100 001 (10001010) zur 8001101000 101 Korion
finden 110110100000101110111011001000 11010110100101101 101, 10100
0001000100001001 100 101801010 01011001011011 - 01110001 10110-
110110οᾱ00 1101100000100 10110111011010 001 00101 1011011001οί1 100
801011001000010, 000001 111 010000110010 8010100 00100101101101-
0000010000, 100110001100 10 11011010 1010101101 Religion 00 ’1000
101 Ρο111001100 100 8001000010, d. 1. am 181011 1801 00100 10-
standon 10100. 81011011110101 10 101110000100 10110 00000001100-
000, 10 110 010000110010 801010 zu 1110101010 010110 ,inbre 1886

 

