1111111119 111111111111111 an 11111 manee-mrem, 75

weil er die in diesem 111111 1111111111 8111111111 11111111111181-
legenheiten 11111111 11111 11111111111114411111111111111 111,
111 11 dem 11111111 vom 2. 11111 18841111111131111111111. Da·
11111 11111 11 11111 111111111111 1111111111 11111111

11111 111 1111111181111111111 1111111111. 1111111111111111-
11111 111 [1111111111111 1111111111311111111 [11111111111111111111
1111111 11111111 1111, 111111Ρ11111111111, 1111111111, 1111 111
81111111111111 111 8111111111 111 Ρ1111111111111111111111 Hand·
1111111111111111 111 11111111 81111111131113111111111111 Ab·
111111111111, 11 1111 1111111111 111111111311111111111111111111111-
111111 111 111111111111111 111111 1111111 111 1111111, 1111111111·
111111 zum 1111111 desselben genfigt. §- 169 Α. 1. 11111 11. 11111
dieses 11111111 1111 111 111111111111 11111811111111121.111111
1881111.

11111111111111111111110111111111111 vom 19. 1111 1818 111
11181111 1111111111 zu 111311111111111 11111111111111111.

[1111111111111111111111 111111111 111 8131111111 [11111111
11111 11111. 1111 111 1111111111 Κ11111111111111 1111 11111111

111 8111111111 1111111111111111 Bostreieung der 11111111111111

1111111 111 (11111111111111, 1111111 1111111111111311181111111

111 111 111 1111111111 11111111111111111 3111111111 Κ11111
zu 111111111. 1111Η111111111, Κ11111111111Β1. 3. S. 19.

Die 1111111111 kann 11111111 11111111111111111 111 111111·
1111111, 11111 111 1111111111 1111111, 111111 113111111111111,
1111111111181111111111111. 1111111 111 1111 11111 111111111111,
dese 111 Kirehengemeinde 81911111ιῖ111 111Κ11111131111111111.
Ee genfigt, 11111111 1111111111111 811111111111111111. 8111111
111111111111111 111113 mit 1111111 111, dees 1111 1111
8111111111 11111 11111111, 1111 111 8111111111 11111 11 111111
8111111 1111111111 (1111111 1111 111 1111111111111111111111111111111
1111111 1111111111111Ρ111111 31111111, 1111 111111, 1111111 111
[11111111 111 1111111111111111111 11111111, 111 (1111111111111111
111Ρ11111111111111. 111111 1111111 1111 111 (1111111111111 1111111
111 meeirolee 111 11 1111111111, 111111111111111111111111111111
11111. 81 111111 81111111· und Gefangnieekirehen 1111 81111,
Κ1111111111111111111111 dem 81111 1111 (1111111111 1111111 111
1111111Ρ111111111111, 1111111111 1111 1111111131111111111111. Vgl.
Η11111111, Κ11111111111 111. 4. 8. 164 Note 8, 8310111). 11111
111 111111311111111111111 dem 111111111111 21. Jenuar 1886, 11-
1111111 111111 111111111111111111, 11111 111 1111111111111 111, dass
111Κ1111111111111111111111111 1113111111] 111 Klegerin 111111

 

