xxvn.

Ε616611611666 161 111118161116116161 1611161161 161 11666166
366111616666616668611611111113111111136661 einen 666166616661161

Die 1. 1. 816111611616116 8111666 161 66161 1616 8. September
18111, Z. 91328, 116 1616611611663 61666 k. 1. 86611161666161661166,
661616616661 1161161616 166 116611 616661 861161611161 166 (1161
66661666 66 1161166, 61661661, 6613616166 6111 6661161616616116·
3111616631 ,

[16161 116 1616163166 1161166116616 8. 116161 116 8161116116161
16616111161116166 Β6661611 1616 29. April 1890, Z. 6584, 16111161-
61616116 Besehwerde des 3666116166 1161166166 66366 66361116161
11616131116166 1113666616161616166 16 8. 161636163661611161 1161-
6611663 166 1116116166 16661161 6136616666 661 1661 366666166
1161161616 166 116611 161 1611616663 61666 (116166 1111 6166 861161·
rndrderin 6611166616 1116111616 613666166166 werde 66 1616166 661
66 61166666, 1666 1616 1161161616 16 S. 1611 11161616116611661116-
61661, 1666 6661 161 111661636161 1116116116 S. 616 1611611661- ’
6661666166611611161136616161611161161 161, 661 16161 1161616111161
161 1616611663 desselben die 1111 161161111611116 3611661166 1661161·
1611636616 16666161316161666, 6661 111. 151663166163166136·
661666 166121. Dee. 1867, 11116111. Nr. 142, 661 1. 41 166 Ge-
661666 vom 7. 1161 1874, 1.-(1.·Β1 Nr. 50, 166 1166116661611, 6116
666166616661166 661 1116111616616166116636116366, 661611 6661 116
1166616663 61666 (116166 11116166 86116161116111, 616 6166116361616
1111161161 116161 66116116113 66 661661161166. Der 116113666161661·
11631 161131161 116 86136 1111 116 3616161663 161 6111666161-
1611663166 1116116166 661 16166111166166 Gemeinde 166111611616·
61166 116 16161611 16 666111166611661116161[11661611. (1636611666161-
6611611663 1666 116 16161663 66 1661616 1. 1. 116161611616 1111 Cultus
66116161116111116666 1161 Woehen 61636116611 werden. 161131161161
den 11166 1611163661661116116166116663 1111 166 11161161 16 S. wind
16166111, 1666 11666116, 16661616 616 11616166 6611111, 116 166 611366

366616116166116116663666116161161166, 361 61611 1616166 werden .

166616 661 1161616111161 116661 Nennen 36161611661661111366661,
1116116661 1611611116166 3661113663 661 116161 1611616666616663
61616161161116161 166161611663 161611116 1161136661616661166 0116·
6661661361 nette 6616166366 werden 661166.

W

 

