248 11166ῦὶ116161 666.61616616166.Ε166 16 0666666161.

61611616 Β661 1661661161 616611616661116616 B. 6616661161 66166666,
6661 61666 11666 111666616116 66 616666 616161661666666616 66666-
11166 166 161616666 6661 6661 6666616616661166116 66661611666116116
6666666. 111666616666616661666661661666 1166116 116 16116666
166 1116166166 1661661161 1661166161. 6161166166166 161, 66 wer
1166 61611 6661 16 16661666 661666 11161666 (1166161116611611.
11666116 66666 61616616 6661 1666666 616 116 66611661661661161116166
116616 1. 666666166 666166, welche 61611 1166 166666 Nemee 16161
661 166666 81661166666116 66616661, 6661666 6661 aller anderen 1116666-
116166116611611611161116161, welche der Ehegattin eines Mannes
calomen, und 666 16666 616 61611 durch 166661666 3611666666
166 116661666 (179661166111666161.) 66666 166 166 1111161116666-
1166 5161611666 vnn Tiseh 661 161166666661166666161. 1166 1166116-
1666 16116661666 616111616116 86661666161116666661666) 666166
16616616666166611666, 661 welche dle Β6611666666666166ξὲ. 1111
661 1196116661. 11666161. 1666661666 16166. 1166161161 6616166
1166666 6161 6661 6661 16166661611661666 1166116 116 16666666, 6166

116616611616161116666 166 616116166 1166166 666666666166, 661 ’
6666 6161 66616166661616 1666 61611 mehr verchelicherr 1661, 66 ;
161 616 1661 1616661611666616 116 1116661116 1661166666, 666 dem 616 “

66166661 werde. 116 16116166 61611 6161116, (1666 66 66616661 16166-
6616116616661166116 nelle 6111, 16 6616166 6166 111616666666166661
6666166166 1666, 1666 11666116 666 1116166611611611661616116661
116 1666616666 61611 111666 daher 1166161. 661 11666116661611
1661166111666666 ihrer llhe 1666116166 16616166 8166166 6666666 661
11666 nne 6661 irn Auslnnde 61666666666 6616, 661 6666 6661 dem
decetne 166 8166166, 16 66161616 11666 11666111666666 616111661, 166
6166 6611616116 11661661, 1666 6661 16166661611661666 11666166 6166 66611-
61661661161116 166 61616666 6661 nm heheu 666, hein 11161666166
166 11666111666666 66111161 16166, 666611 11666 111616616166611-
1666666 611116 6666616661 6616, muse 11666 166616666661661 hier·
16616 6616616661 werden. Neben jener reehrrnessigen 1166611161666
116616616 61611 6661 6661 6166 661666 1666 616 661616 6666166661,
6661666 66 muse dem 66166166 1166161661 116661116 1166666-
1666 16661616166 616116166 1661116166 116616616 116 1661666666
616666 6666661 werden, 616 1166 6666116166 6616616, 66661666116166
6666111666 8166166, 16 16666 116 Vielwelberei 6166116161666661
6666161161 61611161 161, 11666 166161161666161116666 Aufenthelte in
166 116666111666 1161666 666 66611116166 6611666 1616666 6611166.
1666166611161166661666666 116666 1661666666 116 16616166166
166661611166 liber dle 666666611166 1661161116 161 1611616661666 666
6616666161166166 661 166161666666166666661661661161161166 61611 be·
61161616166, 16166166 16 166 1161616616661661661666661611116166
Urlheils 6661666166 6666611161 worden.

m

 

