340 Poe-ech, Uebernahme 11119111. baeton aus d. 1119119911. eminae.

99119111 991, 111 99 muse 1111991 dem 819911199191 891919911-
1911919199911111111191191. Zur 8911 199 8911199991991119999 be·
91911 wodor 19911891 noch 119191911191 91181191991191111199191
9911119919191111191119191 (19191119, ee 111199 919911 89119911 99-
19991 werden, 199119 091119191191 199191911191111991911119191,
welche 8919911119 919 1911919 dem Werte ›Gemeinde‹ 991191191-

9199991(ξ. 1511. Α. L. R. 1 199. 61 11. A. L. R. 1 4). 11 dieser 1

891191119191 119 1191999119 911991911911, 1999 vom 119911199199
89119999 91 1191111919199191911 &ets die politieehe Gemeinde
die 1199191 1111119 89991919191 91 dem 8999119-8911119 und 191
11919199199991 1991111191, demit 9911919111199199199119191 seir ver·
91191191 91111911 191 111 991111 991191 dee 11911 »8911911199 919
»9911119919 (1911911199 9191991. 89 191 hiernach metellos, 1999
heim 119911199199 1191119999 191191191 11999, 11911 9191 1199111191-
119191 1191191119 119 Verpfliehtung 191 1991911191111119 199 11999119-
89191199 1191191191 191. 191911191191111191919191 noch be·

9911191, 11911 man 91119119111991911 1811119191178311111911- 1

99111, 191119 89111911991 9111111 111191119911999 199 1191119999
vom Jehre 1784 (10.1111911884) 1111 119 1111111999 199 191119191
111191, 11 dem 19111999 vom Jehre 1783191 919 91919119 891199119
fer den 919911199199 1191119999 9199991191, 1999 119 19111919 Ge· Α
1191119 119119119119199 Wehngebeude 1111 191 (1919119191 1991119191
9911119 19991911191191191 1911999, 91191199 1911199 Κ 1191191191·
118991 dem 11 9911911191. 1119111191 1111 jeder 91119 1911911919
1191191 deren, dees nieht die 1119111919, 9991911 119 9911119919 Ge·
1191119 119 891911911119 1191191191 hehe, 1999111911111191111199
9111119 11911919 89191911111919 199 1119911919 191 8911199191, 1999
19119111919 9191 durch 019911911199111191 991, 1191111911 91.

11. 111 9119919919 89111119 191199 1111191019119919199119111
11 81991991. (111119919111191 dem 80. Juni 1888 119 111999 119991
[111119991911911 199 89911919999 9199119991.

»8111119919 191 9191 191 8991191199 1111999189919 919191991-
191 (11111911

89 119991 11191 Μ119119191 91191 89199191119 99991 11999119
9111911991119, 1999 91911911191911191191, 111 deu [11199191199
1886 911919191 89199 9191191189991991911919111119991, 1111811911-
1911119 191911991999191 891119991.

819 89119919 11911111 1919118919 1998191191 119911111 1191
119111111119119 191 1199191 desselben Beeehluse 9919991 111 11
119199 199991119 89111199 191 191 11119911 9119919991. 1111991 er· 9

111191 19191 (1911911191999111111111 1911911119111191119191 119- 3

 

