8111111. dee 1111111111ᾶὶ1 Verpuiche. 11111111111111111.111111111. 5

Ρ1111111. 111 11111 11111111111Ρ1111111111 8111111111111111-
1111111111 111111111 1111111111111111111.

Dic 11111111111 11 111111111111111 111 Umgcgcnd 1111111
1111 1111 1111 111111111111111111 111 Ρ11111111111 11111111111 11
111 811111111111 1111111111 111 11111 111 811111111111111Κ11111
111811111, 81111Ιὶ1111 11111 (1111111 111 111 (1111111111 1. 1 u.
Nuch mchrfuchcu Untcrsuchungeu 1111111 11111111111 111111111111
11 111311111111111 1111111111111111111111 111111111111 0111111111111
111129. Mai 1818, 11111111 1111 1111111111 1114501111. 11111111 111
111 11111111111Ρ11111111811111 11 111111111111111 1111111131 11111.

Dic Κ11111111 [11111111 1111111111 111 1111 1111 dem ,11111
1811 11111111111 1111111111 1111111. 01111111 1111111111111-
111111 31111111, dass 1111111111 111111111111111111111111. 11111111-
111111111111111111111113111 8111111111 111 11111 1111111111. Dic
zuu 111 1111111111111 111311111111111 111 Umgegcud 11111 1111111
1111111111111111 1111111111, 11 1111 111 11111111111111111111 11

- 1111111111.

Dic Regioruug 11 11111111 1111111111111111111111122. Juui
1877 11111111 111 Fiscus jcdcu Beitrug zu 111 8111111111 1131111111.

Dic Klagcriu uiuunt uuumehr 111 Fiscus wcgcu 111 1111111
111 1111111111 11 11111111 111 11 11111[1111111111111111111Ρ1111-
gcmciudc 11111111111111111 11111111111111111111 1111111111.

Der Klagcuutrug geht 111111

111 81111111111111111111111, “

1) principaliter, 1111 11 111 11111111111111111111111111111111111-
1111 11111111, 1111111 1111111111111 11111 111111111111111111
1111 111 11111111 11111111111111 111 111111111111111111 1111111111-
mund 1111111111111 1111Κ11111 111 111111111Κ111111111111,

1) 11111, 111111 111 Patron zu 11111111111111111111111, ’1, 111
11111 1111111111111111111 11 tragon.

1111 1111111111 111 11111111 1111111111
111 1111111111 1111 11111 111111 1111111111.
[11111111 11111111 1111111111 11111111
1111111 1111111111 1111111111 Principalcncrug, 11111 1111-
111111, 1111 111 1111111111 111 11111111111111111 111111111111
11111111111 11111111, 1111111· 111 1111111111 1111111111111111
1111111 1111 111 11111111 1111111111111 11111111111111111111
uucgonuortmnnc 1111111111111 nuuc 111111111111111111111Κ11111
11 bucon, abzuweiccu:
11111 1111111111 111111111111111, 111 Patron 111 1111111111
Lugonuorcmuau ’1, 111 1111111111 1111111111111111111 11111111.

 

