9111111111 111119111111111111111111111111 Kloalcrkirche. 21

111111111111111 wie von 9111111111111111111111 11111. 9111111111-
111111 111111 1111 111 1111 111191111191111111111111111191-
1111, 1111 1111 111 91111Ιὶ1111 111 11111111111119111111111111111
1111111111111111111101111111111 11111 111 111 1111111 119111111111·
mund 1111111111 111111.

911111 111 91111111 111 11111111111 1111911111 91111111
111 111111 111 9111911111 11111111111111 111111111111111111111111
111111 11111111.

81111 Ρ11111111 111111111111111111 1111111, 111111111111111-
11111 111111 11111111111 9111111111 111 111111111111111111111
11111. 91111111 1111111111 1111111111 1111111.

Das 111111111111 9111111111 11181111111111111111111 folgenden:

A. 1111111111 der 91111111.

911 9111111111 D. H. Zimmermann (11111111 11111111 1799,
1111111111) und 111 [1111111111 9. W. Wegmann (1111111 im
11111 1899, 1111111111) 1111 111 191111 1879 1111111111111-
11111111 1111111 9111111111 1111 7111111111 111111 Paneion 1111111
1111111111. 91 11111111, 1111 111111111111 1111

1) Ζ1111111111111 91 111111 bisin 111 9111 um 11111111899 ,

111111111111. 811 zum 11111 189911111111111 11111111 111 9111111111
111 vicar 1111111111111111111. 9119111111111 111 11111111111111111
und 9111111111 111111 111 111111 91111111111111191111111111111,1111
11 1111 911111111111 111 11 111 91111119111111111111111. 911111
1111111, 1111 111 911111111111191111111111111111111 7111111111
11111111 111 zum 911111 111 ’1111111111 1111911111111111111111
11111. 1111 11111 11111111 111 11111 8111111 111111111 11111111, 111
1111111 11111 1111 111 11111191111111111111111 91111111111111111

b) 1711111111 9111111111 1119111 vor 1111111111 189911111111
11 sich, dass Patres in 1111111111111111111111 9111111111111111111111
1111111. 91 1111 111111111 11111111 111111911111111111111111111111,
11111 zahl 11111 1111111 11111111, 1111 1111111111111111191111111-
11111111. 9117111111 111 9111111111 11111 11111 1111111 1111111111
911111111111111111111111. 9111111111111111 1111111 111111111111111 ’
11111111111111111111111111111111111111 111 9111111111 111 111111
17111111 111 1111111 111911111111 91111111 11111111.

91 haben 1111111111 1111111111111 9111111 1111111111

1) 9111111 Petri: 91 111 111 1111111 1862 111 9111111 1872
711111111111111111111111 11111111. 97111111 1111119111 1111111111
91111111111111111111111111111,9111111,111111, Kley, 011111, 91- ,
1111111111 »bis 11111 9111111 171111 1111 8111111111 11 81111- 111

 

