' 118811811181811.1111111188181 1811181. 8. 81111811 a. 1111181811. 239

8188118111811811811118111181881118188888 111 11811 181 jenem
18881118811181 Rechts ableiten.

78118118111818181811811118 818 1811881181, 181 8181 118
188118881118 188 881181818111188 181 jener 181 11811188118181181
111118 881181111. Danaae, 1888 118 k. k. 811811818811811181 181·
111811818111, 181 8811811181811 181 (1811811111 1181118181, kann da·
1181811 118 8181888 781811811118 888811181 181 11811188118181181
11811 8888118881 181181.

Ans 181 81811881188181 [1181818811811181181 11181 11888 Ver·
811811118818811811. 1118111188 marren 8181 ausser dieser In-
811181181 1181811818 711881111181 181 181 8118818111181811111818
818181181 Frage 181818818881181181. Bei 881111811118 181 Frage,
1811818118 11 18111881818811118181 118818881181181181181181188181
111818111181111181 8118 111818111118 181 111811811811811181
8111118181 1818, 181 18111181 11 Fulge 188 8118888818811111811-
11111818111118 rom 28. October 1871 Z. 18876 (111. 13 188 781811-
111881111188 1111 1810181811818111 188 11111818111188111011118 111
0118111811) 11118181 811 181 778111811 188 g. 2. Aba. 51818181.
[1181818811811181181 1111811188181 111 181 8181 11811818 18111181·
arrersao 881811 181114.181111113008111811815, 181881 181 ·
111811818811811181 ausser den in 18101818188118111811818111818181
1881181 818118818118 11111881, 181 11118181 Κ8111181818811811181
111 resonantem 8188188818111118888818118 1181811181118881111-
181, 118818118 1188811811 181 Ρ18111811181 1181181118 11181 188188-
181818 8888111181888811111111881 818111811181 abgenemrnen werden
8111, 888811811811 181181.

11 118188 dieses 11188888 muse auf die 1111818118811111811881
11181181 1111118811818 181 1188811181 11118188881881181181.-
Die Norrn 118111181111811111Η11188181 vem 10. Mara 1788111. 124
J. 0.-8. 11118818811811 allgemeinen 11811181181 1111 8811111818
11888181181111 11 181 18181181 11 11888111811181181 11 818181.

1118818181888181181118111811811 1111 1188 aestimant, 1888
18811888181118118 8181811 118881818188118, 181 18111181181181811
8181 181 8188181 Ρ111811881181 188 1811881118181 1188881181 Ge-
18811881811181118181181. 118181 1181 1181118, 1888 181 aeter·
1818118818 81881 111 8181 dae 8181818 8811118811 81181 1118181111
11881181 8818111181 181 111 1888 118888 881111188118181 818118-
]88181818811 188 1811881118181 81118888118881. 1118111181818 11181
1811881888, 1888 888181 181 jeder einzelnen 781118818188881188
0118181111 811 118188111888118811811811811 11118. 0881188818111

18118 118 18188181818811811 1811111181, 11811 118881181 1188111118 11

 

