Entedehuny 01001 11101001001000011011101 101011011110110. 49

1011000 001 00011 001101000 desselben 001 001181001110100000000
000 010100010 010 1100100000, 01000 Ρ111011 0000011000011.

21. 2111101 1814 (11.53). Die 1100101000 (0111011000 000
1011010) 0011001101 dem 11100101. 0100 Verpfle'cdtuny 000 Κ1001010 110·
11001101 000 0110111100 00011011000101101000110 101 1101011011000 000
(10110000 001 01011000111101101011. Am 80111000 000 8010011000 11110
10010011, 0000 »von 01110101001000 0000111010 Ρο100001000111110100
0010001000110011 0011010101100100 (1011001000 10111001101101101011010
Reae« 001. Weiter 1011000010 1011011111 0101110 000001.

22. 2411011. 1838 (Β. 97). 1101 1011010010Κ100101100001000
00 [1110011000101111110 01011011101011001011100 010 0000101100ηο 000000
dem Patronateverhddtnise 000 810010 1100000001011000101001011000
101 ’1100000 000 ²1„ 001 Κο0100 1010101101011011000000111101-
1101100 000 801010011000, 100101 000001 1100011100οη 10110, 0000 010
Κ1101011- 000 801010001011 durch 000 110010 000 810010100οε 0000110001
000 001111 001.

28. 4. April 1838 (Β. 97). Die 1100100000 (0111011000 000
1110000) 0011001101 dem Κ110110000101000, 0000 010 001 dieses Geeueh
01011 01000100 kenne, weil die 11110010111011000 000 (10110οἰ0100,
10010. 001 1000100010 00011010001101011100110000 010 [10011100001101001
000 Κ1001000 110οἰ001010 1010110 1111101 jede 1011111011011011 001000·
00100110 111 0011 1100110100111110110110000100100 01001010110100110
0100101001011000 000 810010 0001 10 0001 8011001100 00 000 8100101
10111 1. December 1833 (0100 111. 21)000110101001.

24. 11. April 1845 (11. 6). Die 8001000001001011101 00 0011
(10110001010101111100011 111110100000110010110100 Η10000, 0000 010
1111010 zu 11100000111110110 »1111010001 Ρ10111011010 00 1110011100οι
1000001011001101110 001 000 0000 010 1010000000100 1011 100101011001
000 1100011011 00111 l. Juni 1819 (0100 111. 14) 0110 010 durch die
011011001010 0011001000000 vom 2111101 1818 1001111010 1101011011
010 1101010011ηο 001 0000111101οη Ρο1001101000010 00110110 000 810010
110 00000111011101 1101100. Die Regierung 010110010001001010000
1100010 10110001010101110110110, 010 111011010111001110111 1001101101
00110100, 00110101.

d 25. 1. 10111 1841 (11. 7). 1100 (1011001011110101 0111000101 111·

0 01

gn »811000101οΚ011101101101100100000 000 Ρο1101101010111110100 000
»11000010 der 111101110010 10 1110000011100110 010111 1110 0001-
»00111111110 wie 11001 [0111101011 1701000000 albedines 00100111-
»[01110101001101111,οο 11110 00 000 0010000 010111 100001 . . . .

»110 0010111001 10010010 80000100, dass, 0010111 01011 Fiscus 010
enee 10 nme 11111 11. 01000 4

 

