Enmehtmy 111· 01111111111111111111. ll

1111111111 111 111111111111111 zu 11111, 1111111111 111 011111111-
0111111111 29. Mai 18181111111, 111 «11111111 111 1111111111 111-
111111111, 111 »811111 111 Subulo« zu hffigontlortmund-''eine 11111·
111111 1111111111 11111111, ohne dass 11111 111 111111111111111111111
11 1111111111 11111111111111 111 111111 1111. 1111111111 1111111111
811111, dass 1111 1111111111 11111111 11111111 11 111111111111111
11111111, 1111111 sich 111111 111111111111111111111 111, 11111111
11111111 11111111311111111111 1111 1111111 1111111111 1111111111
1111111111111 111111111111 1111111111111111111 11111111111111111
1111111111 111 von der 1111111111111 11111111111111 1111111111 jeder
1111111111 1111111111 1111111111. - 1111111111 1111111111 1118111111111·
1111111 111 1113111111 111111111111111111111111 111111111111111
111 11111 1111111111 1111111 11111111 1111113111111 1111111111 111-
legt und 11 111111 111 1111111111( 11111-1111111111811111111·
tragten -- Gonehmigung 1111 1111111113 111111,«1ο 111111 1111
doch 111 (1111 111111111111111 werden 11111111, 1111 11111111111111
111 11111111 11111111 1111111111 1111111111 1111111111111111-
kannt [11111111111111111 1111111 1111111111 111 111 11111111 111
1111111113 nieht ffiglich 111 Rode sein 1111111, 1111111- wie
jede 1111111111 11111111111111111,1 -- 1111111111111111 1111111111
1111111111ηά1 11111111111. 111111 1111111111 1111111 1111111 1111 111111
1111111111, 111 11111111 nicht 1111111111111111111, (11111 811111111-
11111111 11 11 111111 oben wiedergegebenen Ausfflhrungon 1111111111
1111111111111 11111, 11 111111111101111111-011111111 8111111 1818
(111111111 111 11111111111111111311 11111 11111111111111111111111111-
mund sehon 1111111111 habu 1111111 11 11111 11111111 1111111111
1111111111, 1111 111 1111111111 111 ,1111111111 11111111111111111
111111, 1111111 1119111111111, (1111 1111111 11111 1111111111 1111-
11111111111111111111111111 111111 11111111, 1111111 1111111 1118111111
11111111 111, 111 11111111 1111111111111111 111 11111111 111 1111111111-
111 11 111111111111111111111 1111111111111 1111111111. 01111111 111
11111 1111 11111111 11 diesem 111111 1111 1111111111111 111 11111111
1111111111 11181111111111, 1111 man 111111 (1111111111 11111
8111111111 11 111 111111111111 Frage 1111111111 11111, 111 1111111-
1111111111111111 111, 1111 man 11111111111111 111111 Vor-
111111111 1111111111 111, 11 11111111 111111111111111111111111-
11111111111111111111111111111, 1111 1111 1111111111111,1 1111711111-
11111111,111 111 1111 11111111111111111, 11111111 zu 1111111. ’11111-
11111 111111 111 1111111111111111111113111 8111111111111111111111111
1111111111 1111111111111111 1111111111111 [11111111111111111111111
1111111111111 1111111111 1111111111 1111111111 11Ι (1118111111-

 

