xtvm.

Ε11666161666666 k. 1. 061611. 86161666161166 111 0661166-
161616166161166.

l) 91676166661613 661 661 Einbringung 661 06611661666166 in 661 1616166661

vom 24. 1666611890, R.·G.·Bl. 1167, 1. 2, vorgoschriobenon 111161 161661 6611

7611661666 6661116616 661 Congruaergssuzung 116 661 Ueberreichung 6619666166,
616116161 666 11661166 661 0616116161663 661 Paneion 661 116136.

(6116661616 666 161. 1161616361161166 vom 2. Mai 1882, Ζ. 106.)

Das k. 11616161611611 161 6661 661 616 2. Μ61 1892 ge·
116666666116611161667616661661 6161 616 1666616116116 16166
Β66161, Ρ161111661, durch 666 961666166116116 Dr. Joseph Porzer
661 praes. 9. 11611661 1892, Z. 37, 161 6616 11616161666116 einge-
1166116 111616 6611611661 von congruaergssuzungen und 6161 666
66116 86616616 Begehren um 616 61166616166666361616366611661
666 1.1. 1116161611616 111 061166 666 9616111611 661 66161618, 6661
Klager 116666 14 Tagen 161 7616616663661 11166611661616162611
vom 201161 1891 116 20. 166661 1892 66 066116661396666366
61666 8611631611 133 fl. 3311, 11. 1611 591, 1116666 vom Klagtage
666 666 (16116116166166 66 16661166, 161661 1161166120166661
1892 61 66166 0661166 mit 600 fl. 19111161 66 1611166666, 666 11161
616116 6619111611611116616611611 400 fl. 16111161 1616161616 (166-
grua 616 661 1911116166 Μ611661166366161166166666116166 6661611
5010 616666 vom Tage 661 1661611661 661Κ163666111616666661666,
66 11661161166616 »Das k. ministerium 161 061166 666 06161-
1161116166161613, 666] 1116161 116666 14 Tagen 161 7616616661
661 1116661166 1616 24. August 1891 61 616 Congruaerganzung 6661
dem Ausmasse 1611116161 600 fl. 6611161 6666661666, 6661161616
6611 diesem 'Pago 66 116 19111161 6611636116161661611116616-
16161616 0661166 616 661 Mehrzahlung von 60011. 66161166166666
116166 6661611 591, 1616616616666 vom Tage 661 1661611661 661 Klage
6661661666. Die Ρ166666166166 1161666 gegenseitig ausgehoben.‹

(11116661 16 1161666116161 Beziehung 161 66161616 66116166
661 [11616666 666 8616619666166 161661811611116116 6666161111, 6666
661 1119161 1611 1166161 666 8116161611661616 666 9616 6616. 9. April
1891, Ζ. 1064, 6616 1161111661 16 8166616 6166661666 66661161
6161 616116166111666166666 1666661611 016166116166 166 66181611-

1611616116 ’111661 mit 1011666 vom 29. Juli 1891, Z. 8677, 616 666

 

