Eutstshuuy 111111· 8111111111πά1 111 einer 1111111111111. 45

Kirchspreuyel 1111111111, doch 1111111 1111111111111111111111111111
uls 111 1111131 111111111111.

9. 28. 111111 1815 (Α. 88). Dur 1111111211111111 111111-
1111111111111111 111 (1111111-11111111111 1. 1111111 1111111111-
111111111 111 111111111111 Ρ111111 1111111111. Rei Erhubuug 111
1111111 11 1111111111 111 Ρ1111111111 111111Ρ111111111111111111111
Weiss 111 11111111111111Ρ11111 11 111111111111111 1111111111. 11
111 111111111 11111111 111111111111 111 1111111 1111111, Annon,
81111111, 1111111181111111, 11 11111111111111311 1111111111 11-
ssssig 111, 1111 011111, 1111111, uutgendoumunu, 111111, werne,
1111111, 111111, 11111111, 11111111 1111 111131 1111111111 11111-
1111111311 11111111, 1111111 1111111111, 11111111 1111 1111111111
1111111111 11111. 11 111 111111111111 11111111111111111111111111111
1111111111 11111111, 1111 1111111 (1111111111111111111, uun-den 111
summatenus 1111111311 111 1111111111 111 1111111111. [11111111
111111111111 1111111 1111111 1111111111 11111111111111111118111-
11111111 1111111111.

vn. 1111111111 1111 111 Ausrkeuuuug 111 1111111111 Pu-
tronaerechss.

1) 1111111111 1111111111 111 Besdsuny der 9111111111 suae zu 111· ’

,3111111111ηά. ,

1. 21. December 1818 (11. 121. [1110111111111111 11111111
8111111111, dass er 111 11111 11111111111111111111111111·
lsihuug 111 111 11111111 111111111111 1111111111 111 81111111111 11
Lfitgsudurtmuuds 11 1111111111 Hermann Burgunthu! 111 1111111111-
hausen 11111111 11111111.

2. 7. August 1820 (11. 41). [111011111111111111111111111111
111 1113111111, 1111 1111113111 111811111111111111111111 111111-
111111111 dum Viusr 111111 11111111 Placet 11111111.

3. 22. August 1820 (E. 12). »1111111111111111111111 111 (111
1111111111 1118111111111111 111111111111111 1111111111111 111
1111111113 11 Arusberg. 11 desselben 11111111 insuesondsre:

›Nuchdum durch 111 Abguug 111 111111 1111111111 1111111111-
111111111111111 sanusne Schulkupluuui 11 111111111111111 11111111
111111,11 1111111 1111 1111111111 111 11111111 11 1111111111 uus
11111111111 Ρ1111111111111... 111 11111 11111 11111 .... 11111-
111111 111 11111111-11111111111111111111311(11111111111111111111111,
1111111111.. ,111 1111111111 1111111111 111 1111111111 11 1111111111

[1111111111111 1111111111 Pfurrer Ziliksu 11 1111111111 111
Aushuudiguug 11 p. 1111, 1111111 11111111111111161111111111111
11 111111 1111, 1111111111.

 

