358 Pnrnch, 11331339 (133 13131311 (133 13313111. (133 1113313333311333.

ll. 1313333 1865 (1. 11. 111. S. 102) 331

111331 1866 (1. M. Bl. 8. 282)
3331 113 13333333 (gagen 133 niseus) 1133 [13113333 einer geistlichen
813113 13 dem 13113 333 133 Richter verninsen, dass 113 1331131131-
1311333 Dotirung 331 31333 33133133311113133 11131 3333113131 wind.

In dnm letztgndanhten Falle 13113 133 Fiscus 3331 1331113-
33313313133, 1333 113 Klagnrin 3333131131313313113313 Person
1331313ς 3313131333333333333133, dass »311333133133Ρ3313133
31331133133813311133933( vom Richter 33 3313133 seim 13 133
133333313131 133331311133, 1333 133 113333 313 81333133333333333
13133 Vormngnn 133 31331331313133 11131 N. 113 Verpflichtung 333
1131133313 (131 6331133) (11331333331313, 11333 113 131133131311
133 1331133333 31311 333113113113313.

Wenn mnu nun 3331 ganz 13333 3131311,133311333311333313
Klage 3331 331 3133 313131331133 1133113333113133133 113333 ge-
grsnndet 333 - weil 133 133331 1331313 Principalantrag 333113-
1311113333333133131, - 33 31318133111313311336133 1313331333-
31131133333 313333 3313 33133133311113133 131, 331313113133331133
3331 »3113 33133 1331331313331331133133813311133333( vom Richter
zn entsnheidnn.‹

1111 anng 331 (113 33313133131313313113333331 133 1131313·
3331311 13 331333 333 333133113131333 81. 68. 133 11311333 1892
S. 6 sequ. mitgothnilten Entsnhnidnng vonn 21. 133. 1886 3313111313

»113 kann (13113 33313111 1131133, 31 durch (11333 131331311333
13313 133 3333331ήὶ333 1331333 33131333 11133331 13311333113313-
1311 133 1331133333 1333113 3313111113 33131131 131 3133 31 13333113
3331 133 113333111333 1133311133 3313311331. 11333 3333 man 3331 mit
1333 11111311 133 111. 6131133331] 133 113131333313113 3332111133
1884 (831313133333 Ba. 11. 8. 3931.) 131313333 33331333 331113,
3ο 31313 (1331 113 1333331333 133 1113333133 333 13313 dem gn-
1331133 11311311 vom 14. Man-z 1885 gegebennn‚ vollig zutreffendnn
11313133 331313311131 sein«

4. 11131333 133 3313333133311113133 3131313111 iiber 133 11133133·
33331333.
1. flat 3133 111331333331333 (113 3133131311 iiber (133 3333333313 Ver·
31333 (133 1113313 oder nur 11133 (113 1133131333οὲ

Η333 3. n, Patron 133 131131. 1113313 33 11331331-1133333313
831133133 (1131113333 0133113), 33133313 333 dem 133113331133133·
(33313313, 1333 ihm 113 Ronhnungon 1133113 133331133313333-
33333133 11133133333313333 1331313111 333 dem

 

