378 1111311. Min.- V. 17. April 1891: 1331. 1. 11111313. pere-sc. 3. 11133311.

3133 1133113133 8313113331 3333133 131. 118 133 331331133 Ge·
scbzcs 1333111131 werden, 13113133, faiis 313 3131133133 13 133
111313133131333113333 rom 12. 1311 1880 (133-81. 8. 18311.) 33133-
febrim 83333133 331 133311331333 3311333, zur 11333111333333133
1313313133 der 331333313133 11133311311313.

11333 3313133 1313313133 13111133 133333 11331131133333133-
311311333 (1313113133, 113 333 133 8133131311313 333331311133 3133
1331113133 131333 33 1113333111131333313133 im 81333 133 131. 1
133 83331333 vom 30. December 1877, 1311311331 113 1331133331111·
31333 133 131333 331 [313331333333111333313131333313133313.
(133-81. S. 29411), 113 3113113333 331 3331131133313133333 Volke-
3313133, socie die Hcfdicner.

6) 1113311313133311313313333311331313133133 Ρ33313333 133
11313331313 1133333 13133, werin 313 13 Wiirbtembcrg 3133 113 3311133-
333331133, 313 333 133113131313331331133331311313 (dem Bezirksamt
oder bei 33331113113333 8111133 dem Stadbmagiebrat) derjenigen Ge-
3331313, 13 3313133 313 iereimabbrecbt 13133, 3333331311133 ’1333-
3133 1311133 131331113333, 1333 33333 113 1331313111313 1133311133-
3333 13133333131131331131333133 1331313. Dicscs 13333133 isidem
31311331333133133 813313313333133 3333313333 331 333 diesem zu 133
83333131133 33331333.

7) 13313133, 1. 1. 1333113133 333 333331133133133 8133133, ’
welche im 1131333131 mit einer 1311313313 313313311313313 3133
113 31333133 wellen, 13113133 133 1313313133 1330133313, 13 133·
333 1331313311 113 11333111333333 3131113133 3311 (111313133131333-

1133333331 16. December 1856, 133-81. 333 1857 S. 1). 113111-
11311333113333 1313313133 13333333 13 831333111

333331133 333 3131331131133133, 331331133133, 331333133133,
1131133133133, 1313133133 331331331333133133 81331333331131333 113

8313331333133333 133 111313133131331331333333333 3. April 1812 ¹

(131311311133 11131313τί333 133 133333 S. 91), vem 9. April 1874
(1313113118. 108), vom 16. 133331 1875 (1331311311 S. 213), vem
10. November 1875 (1331311311 S. 362), 333313 133 111313133133133
133113 331 133 133333 vom 28. Juli 1886 (133-11311 S. 319); μ

3333311133 333 33333133133 81331333331111333 der 131333 133
11131313313333 133 133333 rom 16. September 1886 (1131311311
S. 315);

3333331133 333 3333133133 331 griechischen 81331333331131333

113 1313333 133 11131313313313 133 133313 vom 15. Mai 1881 (1313-
113118. 217) 331 rom 10. December 1810(13ι13113118.142).

 

