11611161, 761161 611611, Amurtieutieneueeetzen 465

6116 11111166 166111661166666661166, 6111611661 1666611161, 166616-
616116666616 6661166616 161161 1161661 6611166611 I. 116 J. 1526
1111 7716616616116166 81611-0116616, 1616661 6166 in's Kiosier ein·
11616616 Person 166 ihren ditem eine enispreehende Dos 6161666-
61611616 66 6611 6161 anderen 116111161 16 1616611666, 6661 Ab·
166666 161 16161116166 6611116 (16116161116166 011666616166616161
16111116661616661116611166116666 161161 616116 61611· 16 1666-
spruehen 16116, 1161661111 dieser 661161616 66 666666166 661 16-
16111611161166 661116, 616 11116 616 666111611161661166 61116611
1611161161. 111666 6661166666 661611 616616661161 1616 deutschen
Rechts en, 1661 16161616 116 1616111616 0116666161666 11 6611611
1611166116-661 1166116666111161611 166 Ρ16166666 1616 6166166161
’1616 61616166661161 1111, 116 666 dem Sucheeuspieuei (1111. 25)
und dem 66616 vom kaiseriieieen Lund- 1611 Iaeiueureeiei¹ 116161
8611661616ρὶῳά 6666661 (1166116611, 666. 1111711), 6161616111 111666
16116611661111616 6661166666 161 6661 16166 16161661661661611
11166616 gerunden, 1116666166 166166-011666666 1111 6611666 1616
J. 1560, 1548 66116646116111. 1611661 116 7616666116 1166166-
01111666 11166166616611. 1627, 66116 iens 161 116 1161116161-
senuit 11611611 nom J. 1628, 16111116661661161616 die 1616 1161661
1661161661. (1161666611) erleesene 661 vum eenenisehen 666116
1661111616 66611666661161. e. 7. 9. 10. G. XIX. q. 8.) 61661111,
11616661 116 1616666661661111616 Ρ6166611611611 161 116 1616166161
(16111116 6116666166 Persen 661 166 11166161 61616611, 66 duee 1661 161
166 dieser 6166166166 16161116166 6161666 366116166761166666, welches
66661 111 1666161166 1616, 6166 1611616166 11166161 1616111.
1161616116 11661661 (S. iss-59) 16111 666 1161661666 1166111·
6666666666116 161, 116 seii 1661 26. August 1771 116 1616 coneordat
1616 18. 1666611865, 1611. zum 1616611.Ρ61661616615.1161. 1855,
611 1161 1111 116 66666161661116161166661661116616606616116161
61166666 werden 6111. Der 161611 dieser 116611166116166666116 161 61611
1166 116 6116661666 1161611661 7611616 161 1111611616 166161-
mobiiien 6611666 1611111616 6166 1661661616111616 6611116666, 6661611
6661 166 761161 161 611611666166116111166 116161666 bestimmten
661166 biunde, 66161611166116666116116666, dees 6166011666661666
166 161 61166666 1616111616101166666111116 66, 66 16666 61616161
dieseiben gebnnden 116111, 111611 1166 11116161 616116 61161166 6161
61166, 166 66166 166 6616616616 66611 1661116161 (161. nep. 2. X. de
61616 1666661. 111. 351 ’1111661 6666. XXV. de 666. 61 Mon. cup. 2),
6611616 6661 61611 166 1161616616 61161 1111661611 6161 61661

8616611666, 116 11166161 1666161166 1161666166 616616116116111616
neuun 6111661666. 1111111 31.

 

