52 1111111, 1111111111 einer 1111111111111111111111 1111111111111.

1815-18251111 11111111 1111111 111 1111111111, 11111111, 111111
1111111111, 11111111111 1111111111111, 1111111, 111111, 1111-
11111111861111111111), 011111, 111111 1111111111. 11111111111111·
zfiglich 1111111111111 111 1846, 1848, 1855 111 1865111111111111.
Κ11111111 Κ111 111 81111111 11111111 1111111111 111 111111 ge-
1111111 11111 1111111 111111111 111 1865 111.

b) 1111 111111 111 111111111 8111111111 111 111111 11 dem
[11111111 111 1111111111111 111 1846 1111111. 111111111111111 111
11111111111111 1848, 1855111 1865111 1111. Η1111111 1111 1111111,

α) im 11111 1846 111111111111111111111111111 11111 111
1111111111111111111, 111 11111111111111, 1111111, 1111111, 811111·
111111 durch den Ρ11111111111. Ρ111111111111111 Κί11111111;

β) 111 11111 1848 111 Κ11111 111111111111111111, 111111 111
l 111 111111111111111 1. (11111ς 111111 1111111, 011111, 1111111111,
1111111 111 2 111 11111111 durch 111 8111111 1111111111 11
Κὶ11111111;

1111111111 1855 1111111111 111 11111111111111, 11111111,
111111, 811111111111 11111 11111111 111 111 1111111111, 111111,
11111111111111111 111 01111111111 111 1111111 1111. 1111111111111
11 1111111111

1111111111861 111 1111111 111 111111111111111, 811111·
111111, werne, 011111, 81111111, 11111, 3 111 Κ111111111 111 2111
1111111 11111 111 111111111111111111111111111, 111 111 11111111,
111111, 17 111 [1111111111 111 17 1111111111111111118111111
81111111 Κ111111111.

1111111111 11111 0111111111 111111111 1111 1111111111111

111111 8111111111 1111 111 111111111111111111111111 11111 111111-
11111111

1) 11 111 11111111111 111 81111111111111111 1815-1825111 111
111111111111111111111111 1111111111111111 gemunt. 111 1111111
11111111 1111110111 1111111111, 111111, 1111111 111 1111111 11111-
hausen 11111 6111111) 111. Anah 111111 8111111111118291111111
11111111111111 111111 1111111111. 111111111111111111 1886 1111-

1111 1111111 111111 111 111111 1111111111111111111110111 1111111,
111111111111111, 81111111111, 1111111, Η1111111111111111. 1111
111111 1111 11 1111 [11111111 111 1846 111 111 81111111, 1111181·
111111111111111111111, 1111111111. [1111111111111 111 11111111111
111 1848, 1855 111 1865111 1111. 811111111111 1111111111

1111111111 1816 111 111111111111111 1111111111 111 111111
11 1111111111; 111111 111111111111111, 111111 111011111 111111-
1111111111

 

