360 1111111, 1111111119 der 1111111111 11111111. 11111111 Κ ircheuvermoyen.

111111 Patron 11111, 111111 111 (111. vom 21111118751111
1111111111 1111111 11111 1111111111, 11111111111111111111111111.

- Der Regiorungsprasident zu 011111 11111111111111 1111111111
l. 1111111892, »dass 1111 1111 111 8111111111 1111111111 111 1111-
{anges 111 1111111111111111111111111111 111 111111111111111111111
1111 111 111111111111111111111111111111 1111Η1111011111111111111
1111111111 11111111 11111, 111 dass dieser 11111111 111 11188189
11. 11 1111111. 1111111111, 1. 40. 1111111111 21..111118711111

111 11111311111111111113 111 111 11111111111111111111111111111111111

1113111111.12,14111. (11111111 1111111111 [1111111111 ssu· 111
1111111111111 111 111 Rechnuugslegung 11111111111 1111111111-
11111111 111 1111111811111111 vom 21. October 1883 (111. 1. 11112
111 1. Bemerkung 11 Α. 3. 7. 11114) 111111 11111111111 1111,
1111 auch dem Ρ111111111ο1 1110111111111111111111111111111111111
111 dem Κί11111111111111 111111111111111111 1111 111111 1111111111
1111. 11113111111111 11111111 111111 1111111111111111111111111111
1111111118111111111111 111111111, 11113111 11111 111 11111111-
1111 11111111111111 111 8111111111. 11111111111111 111.

111111111111111111 111111111111111, 111 11111 11111111-
11111 111 111111111 111 111111111111 111 1111111111311 111 ge-
1111111 11111111111111111 Reehnungsausfertigungen 11111111111111
1111111 111 11111, 11111 1111111111 1111 vorgelegt 1111111, 11 111-
1111111, 111 11 walchem Tage 111 [1111111111 1111111111111111111
worden 1111 111 11111111 1111111111111 111 1111111111 1111111111-
1111111.

8111111111 Vorstehenden 1111111111111111 werden, so 1111111111
111 1111111111 111 ordnungsmassig 111111111111111 111111 111111
11111111 1111111111 1111111111111.

1111 111111111131111111 111111111111 1111111111111111 pro
1889, 1899111 1891 1111111 11111 1111111111111111111113111

Gegen diesen 11111111 11111. 111 11111 [111111111111 Ent-
scheidung 111 011111111111111 111111 111 Κ11111111111111 81-
1111111111111 (11111111111111, 1111111111. 688111 689 11119111.
1111111111 111. ΙΙ. 111. 11 11111 11 1111111113 111111, »donn
ξ.688.11111111111111111 Patron, 168911111111111111111·
1111 vom 20. Juni 181111111 111111111111111111, 111111 11111111
auch 1111111111 111 1111111111111 11111111 11111111131111111111111
01111111ἰά111 111111 111 1111111111111111111 11111111111111111111
11111 1111111111 111111111 111111 11111 zu. Der 111111111111111
1111111111111111111 1111 11111111111111111111111 Rechtsauffassung
111 111 1111111111 111 11111111111111 vom 25. November 1880

 

