34 Ponet, 1111111111 einer Filtalyemetnde 111 einer 11111111111111.

22. 12. Juni 1818 (A. 183). 11111111111111111 1111111111111.
1111111111111111 111111111111 111111111111111111111 v. [1111111111-
seneen 111111 111111111111 01111111111111111111111111 1111111111 111-
1111, 111 1111111111 111 1111111111 450 Τ111. mit 300 1111, 11
111111111111111111811111111111, 9011111. 11 111 0111111111 und
Kirchendiener 111 601111. 11 1111111111 011111111111 vem 1. Juni
181811 11 11111111.

23. 23. April 1819 (12011). Die 1111111111 111111 111
8111111111 mit 1111111111111 111 01111111 11111. 21 11122 11,
111 1111112111 vom 11111111 111111 December 1818111111 11-
111111111 450 1111. 11111111111 26211111. 12 811. 11 den 11111-
1111111 1111111111· 111 8111111111111 11 111111111111111111 1111111111
111111111 111111111111111111111 11111111 1111111111 11 1111111111,
1110111111111 111 1111111111 1111111111 111 111 0111111 1111 111
1111111 11 1111111111. Per 1111111181911111 dem neu 1111111111
vicarius 1111111111 800 1111. 111 1111111111111111111111111111 ’
1110111111111 111 111111111111190 Tele, 11111 11 111011111-
11111160 1111. 11 111111.

01111111111111111111111111 1111111111 111 11111111111101111111·
11111 1111129. 1111 1818 11111111111111111111 1111111 11111 »dem
1111111111 111111111111111 111· 1111111111111 111Κ11111111111111
111111111ἰὶ1 11111, 11 111 1111111111111111 111111111111111111
wattenscheid mit dem 1111111111, 111 1111111111110111111111111 »dem ’
Ρ11111111 1111111111111 1111 11111111 1111111111111111111111111-
111111111 11 1111111111.

1111111 111111111111111111111111111111011111111111 1. 01111111 ᾖ
11 Dente, dese durch 1111111111111110111111111111 1111291111 1
1818 111 1111111111ηεὶ 1111 8111111111111 111111111111111 mit 150 .

Thlr· 111111181011111111 11111 1111111111111111111111111101111111- 1

11111 111111111111 11111111 den 11111 A. 111. 181 11111111 111· t

antestet, 11111111 die 111111111111111111811111111111111 1111111).

24. 2. September 1823 (11. 48). Der 011111111111111111111111
1111111111 111 11111111, 11 111 (111111111111111111111111111111·
11111111 1111111111 11 1111111111111111 (1111111111 111 Vicere 11111)
11111111111111111111 111 beiden 11111111111111 1111111111111111
111 111111111111111111111 11111.

25. 28. November 1823 (11. 48). Die 1111111111 1111111111,
dass 1111 11111 1111111 1111111111 1111111111 Ρ1111111111111Κ11111-
liudo 1111 111 Κ11111 11 11111111111111111111111111111111111-

behet werden 11111.

 

