,11111111 111 aelffinus-ommam, 1111.Ι 111 Prema-schlam 215

1111111111 811111111111 111 Κ11111. 011111111111111111111111111
22. 111118891111111. ’ “

Dor 81111111 1111111111 1111111111 11111111111111111111-
11111111111 111 11111111111118111111111111111 111 111111 111111111111
1111111111 111 1111111111 11111111111 811111111111111111111111111-
1111111 vom 11111111 1886, 1111111 111 (1111111111 1111111111 111
111111111111 11111 1111111111111 811111 11111111 111 [1111111111
11111111111 Κο1111 111111111111111 1111111111 1111111111111111 Re·

· 11111111111111111111111 111111111111 1111111, 1111111111 111 1111111111

111 [1111111111 111011111111111 111111, 11111111111 1111.

Der 8111111111111111 11 8111111 111 11111 dem 2. April 1891
1111 Κ11111ο1111111111111111 folgenden 1111111111111111111

»Die Κ111111111 1111111111, 1111111111 111 11111111- 111
8111111111, 1111111111 111 1111111111 1111111111 ihrer 1111111111111
11111111111111111111 111 111111111111 8111111111111111 11 11181-
meindesehule zu 1111111111 durch 111 111111Η111111111111111111,
11 1111 1111111, 111111111111 1111111 §.180 111 11111111111 vom
· 23. October 1817 1111111111111111111111111111111111111111111111
1111111. Ι 111 1111 111 11111111 [111111111111 1111111111111111111111
11111111 111 8111111111 1111111111111 8111111111, 11 11111181-
111111 111 (11111 111 185. 111 1111. (11111111 1111111111, 111
[11111111 111 1111111111111111111111111111 111 811111111181111-
1111111111111111 111 1111111111 1111 111 1111111111 111111 111111·
11111118111111111 111 (111111111111111111111 1111111111.

Die Bezugnahme 111 111 11111111111811111111111111111 1801,
111111 111111111111 111111111 811111111111 111 011111111111111-
1111111131. 18. 8. 188) 111 11111111, 11111 11 11111111111111-
11111111 8111111 11111111 111 11111 1111111 111111111111111111,1111
111 (1111111 111111 8111111111111111 111 (11111 11111 1111111111
811111111111111 111 111 11111111111811111 1111111111 1111. 1111111
111111 111111 1111 111 1. 49. 11. 12 Α. L. R. 111 111111111 111
811111111111111111111 11111111, da 111 111 111111111111111111-
1111111 1111111111 111 011111111111111 111 81111111111111111111·
11111 111 11111111 111111 111111, 111 11111 mit (111111111111 111
811111111111111111111 11111111111 111 111 11111111111111111111 11-
1111111111

[1110111111111111111111111 111 1111111111, 17. October 1891
11111 11111111111111111 111111111 8111111111 1111111111

»Die 11111111111111 fiber die 1111 §- 35. 1111111111111111111-
111111 11 1111 111111111 Κ111111111111111111 11111 11, 11) 111 111·
1111111111 11 111 1111111111 111 81111111111111111111111111111111

 

