Errreeernmy 001· 0010010110110100010. 7

vern 810010 000010011101 0010000000000 811010000001100101100(111·
0010010οε 100010011111. 11. Tit. ll. 5. 17). ,

Vergl. Prenss. 100110-11101010110111011 100 1808 8011030910,

80100101000000 des 11010100101100001000110110 80. 17. S. 83, 81,

80100101000000 000 8100001001οη 0101-’111100010 80. 78 S. 123 10,

Rasin 111 00001010 8011111000 80. 27. S. 119 fg.. 80101010,

Ρ10000100100 [1110110011 (110018018. 106, reem-nenne

1100110010. 80. IV. 8. 73010, 0110000, 8100001001οε 810010·

10011 (4. 11011.) 80. 11. S. 204 11010 2.

80101100010000 1101100000 0110 aber 010 000010110100111010
0000101Ιο 1011011000 001 001001011000100110 0100101 durch (lie 10 ihrer
8001000000 0001110011010 Μ10111000001810010000011 (101. Dern·
0010 0. 0. 0.).

110101 000 100010100100 81101000000110010110010101011000111-
00100100 100010011, 010 0110011ἰο 000110001 0110, 01011010010000110010
000101101100101111010 010 000010010010010110001, 0000010 010 00
0000011011 0011111000 einzelnen [0001101100οο (111101000010010000).

110101.11110010.100010011 Γ1101111. 11101 11. 00. 160, 170,
183, 191, 193, 235.

11001 1010101000οη 0100000100 0010010010οᾱ 1001101101 0000 0001 =

000 0110010. 10001001111011101 11. 1101111.

0. 288. 11000 8010011οῃ 1100000 001 1001 81001, 00101 8001010110
00100101110100 01010, 0111011101 000 010 (1100100 001001100
1001101101 werden.

§. 239. 8011011000100000 10 sehon 01110110100 8111001100 10000
0018100101100101001000, 1101010 010 Interesse 00101 10100,
100111101 110100, 000 010 11000 01110 0010000000οη 801-
001101000000 1001001100.

(1011010100. 111, 170-178 00001101). 810001 11001100001010 101
110010111101 001 111101000001010000 0100001100101 0001000100 durch
000 011111οΙ 23111. 6 000 (10001000 0001 3.10011876(000011000101-
1000 80110 125) 0000100111οὴ 00110011 01101100. 801010 1101101100100
8110100000010000 10111 00 01101 an 010001 01010100 0000010011 10 000
110100110100110100 0000100 811010000001100. 10000000 0010111001οο
0001 10 801101111011010010 0001-00001011 701011οΙ, 0000, 000011 00
0101 010 1110 1001111010 81011000 010 011111001110 0010010110000 100-
0011, 010 0100111010 11110111οη0 101 11101 8111011100010111. Ver-
10001000 0001 010 001 8100001100 001 —- die 801101000101011 001
1111010 im Princip 00001111010100000 - 101100000000110000 0001
31. 100001 1850 000110001101 0011101ου 101.

10101. 80100101000000 000 1100001001οη 0101-111100010 80. 46·

 

