1101001003 einer 81110130010101000 011101 Klosrerhe'rche. 59

731. dher 11000 8111100300 100 80110111100300100101010110100011011
5. August 1817 (Ι. 12) 001 100 8011101100 100 8013100100 110001-
01010101010012.11111 1810 (I. 13). 1101001 011110100 110 1100111100
Pieper in Werne 001 1110111000 10 110110 11101 1100000, 0101101003οη
17111110 8110130101οη0 310011111131101100101. 801100 11000 8111100310
110000 sich 0010011101 01111100, 1000 110110110111100 01011010801111
1101100, 100 80110011000110 1011110010111110110 10 1100001100, 10 110
811110110011 11011100, 1000 ihre Angehdrigeh 1101111101110001110110-
1110111100 1110180001010 den Messen 110111011οῐ00 00100 den Gebeten
01011 101101113100. 1101101100 1010101100 1100111101Κο111011100 durch
110 [1001110011000110 8011001003 001 deren 1100011010 0011000 101 111001010
1103110101. Lachmann 0011001110 durch den 1111110111 9. April 1744
(1. ll) dem 1110010101οο 31000010 (1011000000 10 1010 Ζ110011, 1000
10 101· Κ10010111110110 00 01100 8000-00111010110300 1001010011111-
010003010000 werden 00110, 101011011οΚ01110111100 10 [111300101101001
(101030010111111100, 00 8000- 001 8010110300 1010 (1011001100011101-
1011011000. 110οΚ100101 het- 110801001003003000101000, 1110
110 7011001110 00101 dem 8010010030011 1010 7. Μο1 1845,
20.Μο11816,15. April 1847 (131. 1. 11), 101 80110111 100
p· 80100011005. August 1817 (1. 12) 001 100 8011101100 100
11000101101010101010 2. 1011 1810 (1. 13)
01301100. 1101100 Lachmann bei 00100180100100310110131011001
1000103010101110111111 werden, 11000 100 11100101 100 1101110ἱί100
010111 100 Recte 0101101010, 110 Κ110110 1010111011000101101101-
hohen 1701001001 8000011 100 (101100110001001011011011οο 1111011101
101001100100 1001110000 0100010 000100111011100 11100101 100 Katho·
11100010111100100 1100111 geben, 0100 Ἑ111111000001011000011011, 1011
1000 ja 00100 1111010111, 1000 alle Katholihen 001001 00001131101100
(1011001100010011100 ’111011 00111000 1110000, 101113 1010110110110.
110οΚ1001011101110011 01100 gethan, um der Lachmann’eehen
8111100330100111101101100. lde 001310, wie 001100 01000110101,
111 110 1001011003 01000 00101311010001100. Diese 1001011003 01101310
0101110011111001110010100100001, 00111010 301010 10 1001 110011,
001 101 300000100 8011001003 300110010οΚ01110111100101101001130
80103001011 10 geben, 111011011310000 Ρ11101111010 8000011 01001 Messe
00 8000- 001 1010110300 00011101000100. Die 1001011003 101 auch
1101101100 01011 11100 100 100 Κ100101011010 100 10110100100 Patere,
10100001010001 01010 1100110100οτ war (131. 1001103101003010110111
1001 10. April 1817 (11. 12), 0001010 auch 100101 100110113οῃ 811-
1100101101100 Behdrde zu Gdln 3000110131, 1000 01100110 101011001100
101301011101100801101100 11111100 010110111011 heder 110 1100000 100

 

