214 Ρο1101,Κ101111011 Bekre-Unum„ bre. 111 Preme-Sceledre.

Zu dieser 11111011010103 101 001 010110100110131301101101101-
011310101 100011011001110 111100101οη3 gegeben.

[1 001 [10103011111101 1110101013111 8111110 111101110111011011-
3011101000111011101101011. 010 01110111 1110011110011 101111110100
11110110 het bisher 001 0011010113 001811110011101111010101 001
Lehrer H. 111 [0111311110 (Herdein) 801131001011011101101110111,
111101 1111 011 0111111100 10111101 90 111111 101111. 00011 11111010
100011 0110111111111, 0011 101 11111οἱ1103 001 8011310111011111101101
00110111111011 0111111001 ,- 1101010111 Falle 001· 1101101 011
st. Corpus christi 010 81. 11101101-001111001 1081011011-1001001
10011130111101 10110101111 sei, 110100 111 0101111101-11101 1111 1890191
011 810000101101 101011 [101101 H. 11100011 1111110111ὶί 1890
1011111131, 110 de 01 0031300 013010111. 1110101111 100111011Κ1113-
11111 111310100310 8111100 00101 0011 1111111800 0130010111 101,
0011 011 1011111011 8111311010010111111 010010101301110111801110
11Κ1011110130001 wie ver von 0001 101101 H. 303011011111011110110
11011001101100 100 90 A& 11110111 werde, het 011 10101011 0011101111
8111111 01101 dem 12. 0011111Ι 11890 001 010110 0111. 35. 00111-
11000131011130101100 10111131, 0101001111 001111111001111101110101111

Κ1010110131011890191 0110100111011131 3011101000 Their 001 Re-
11111101111 mit 07 ,111 50 01 000111031101 11 011101 11101 01131-
110301 werde.

111300 01110 1011113013 1101010 0011101100 1001110103 0111 0010
11011031 001 111101113 011111111 10101 8111310100 0111, 7. 011
1011111111οη 801111131111011110111 181111 1801 101110 011 010 0110

(1111011, 00101101100301110111111101 111 011 1101111. 8011011 003011011111110.
01111111111110111011111111111001101 11011001 010011 evangel. Kindern 10 er·
110111000081113100100111110111; 0000 010101 kann 101 101 1111010 1101131111111-
11000101 010 0011 01011100 1100111 10110111011111101111 gegeben werden.

1011 81100010111011 01011110011013130111111 1111 2. 0111111111818 be·
trifft die 11110001111111011003 011 0011100111 111 Ηο1001101110 101010 111111-
0010103000, 11110111 110111 10001101111101, 100001 00101 010 11130001011101·
103013 011 00110101011101110111 15. October 18121010 11111301011111111 Lehr·
31301110001 0110100111, 000 1111111011001011011013111111011113111 0011101110·
11101100 Gemeindeeehulen 101 Γ1103013 0110000101001110101011 1111110 111 111-
peieret, 00010001 11 11011130111301111111 dieser Industrieunterrieht 11 0111
10110101 011 10111ὶί101100 01001100101110 0113110311111010. 1111 1011111011
0101 kene der 110113101111110111011 001 einer 10111. 811011 01301111310 01003011-
101101 1111001 11111 31110130111111 werden, deren 010101 80113100101111111011 111
0101111110 1111 00011 1111011 0018010111311100011 100 1801 010011130101110101
0011100111303111110001103010111 werden. 111111 1111111011 11111 110111010130-
30001111. (1101001. 80. 18. S. 185).

 

