20100001110100100.·11001100111 Ρο001000111010018..1111. 109

101. 38. Li 23. 110100 1730. “
000111010010 1100110 Berberini‚ 010 11 111’10311110110 0 in

Regina 1130011010οο 000 0011101111 10110110 0 0111001013 001110
1100011011, 000 110100010010 11010000 carue 1011011011100000100
1011111 mezzi 0111 0110001, 000 00100οθ10 101311 01100010 11010010
braunate iu beneficio 10110 S. 0111000 000111010101108.1010,311
1000010100010, 010 11 Sigr Oard¹⁸ imperiali 01 010 100110 0 100110
rolin ingerite 000 11 carattere 0001011 1101011010 101 Regno d’lbernie
negi' 01011 10110 0010110 110001111110001010, quantunque piri 10-
10001101 0 000110011011, 0 010 001011 11 100000 0111101110, 00131103010
0110111010 de' suoi desiderii, sarebbe 11010 000110 11 supplicare le
11101110 1100011 1110001010, 100110 31010 0110001000 11100300, 00-
01101 1000010 1030010 11 10100001011 11 1010011011 000 10110 101-
rere 010000 110001 1110100103310101 earu· 1100011011.

01101010011001011 Sig' 11100010 1101000 0111, 0000111010 0 ‘
1110010101 S. 0111110, 0 10 100011 deun Padre 10110 0010003010 11
0001, 010 010 0001000010 101 11 0100010030110311110110, 001 sup- Ι
01100110 0 1010101 001001000ιο 1100111010 01 11 1101101100 0 10000
00000 0110 10310ος 10001000010010311 11 10000 0011010010001101010110
1100100110, procurando di 1101000010, 00 fosse 01010 possibile.

10110100110000011 001011010111010 01 001103101031000, 0001 1001
001 0011010 01 10131000, 01 1000011110 1011011310οο 00110101100010-
benna 01 1011010, 11 00010 00001101000 11 peso, 01 00111 101110 01
0003011010 commissione 001 10 1100011100.

11 11, 100010 inclinasse 0 1010111011001011000111·, 110100010
essere 011 00110 10110 111010000110110, 00 0011100 11310110 1011010000
0110 010 21 0 1100013ι 11110101031010110, 001 essetne informate 0001000;
00010 1131101100111010 01 0010. n⁰ 37. 003. 438.

· 110, 001010110001111010 010101010001010001011 1010 1100·
1111000 101 00110, 10111 0100 01100010, 1000010001011010, 000110-
010010 01 1001001100 00111· 1011101101, 00001011 11110011110110 311
havere 0011110. 00101100101001 00111011 00001110 egli 10 1100001010
01 11,.010011011000* 1111010101010 assistere 0110 congregazione de’ 0001
1011101, 01 11 Sig¹ caru· 10 1011300000110011010100001111000101
000 Conuiuis, 0011 0011000 11 00111· 101101101 0011311000 01 11
1103111000, 00010 101 00010 01 10 01 sem. u⁰ 37. 003. 481.

Sue M“‚ 11 11 1103111101ιο 0000010 000011 1010001010 101
00110101101101 000 0010010 000 0100010, 100 311 1100010 000010 un
0011000113110110, 0101101001 0113100100010 01 som. n⁰ 37. 003144.

Per 000 perdere 101000, 101011010, 01101. 1100011, 0 101110,
010 10 103100 0011010 0111 11 0011011οἰ, 10 1000101000 ull’ 111010

 

