11111ιί11111 einer Fdlialyemeinde 1111111111 1111111111111. 33

1111 11 dem [1111111111111 1111 11111111111111111111111Ρ11111
11111111111. Zugleieh 111111111111, 111111111111111 1111111111
1111111111111 11111 1111111111 der 111111111111 11111111 111
111111111 11111111111111 111111111111111111 11 1111111111 11111111

1111111 1111.

20⁸. 29. December 1817 (Α. 158). 1111111 81111111111111-
1111111111111111111111111111 111 1111111111 111 Cultus 111 111
11111111 111111111111 1111111111 11111111111111 11111111111111111-
111111111111111 1111111111111111 111 1111111111, die 11111111 1111
11111111111111111111111111, 111111 1111111111 (1111111111111111 81111·
1111111111 11 1111 11111111 1111111111 111111. 111118111111111111
111. April und 18. August 1817 1111 111 111 1111111111 dieser
11111191ωοί111 11111111111 1111111, 111 111 11 dem 81111111 11111111,
1111 111 Β1111111111111111111 Hlialdirehe 1111111111, dass 1111111
(1111111111 111 1111111111, 11 11111111111111111 111111111111 111-
1111111111. 11 11111 111 1111111111 vom 110111111817111111
11111 111 11111111 11111111 1111111111 1111111111111111 ansteum
111111. 1111 11111111 1111111111 111, 1111 111111 1111111111 verbanden
11111, 111 11111111 111 111111 111111111111111111 werden kenne 111
1111111 111111111111 11111111111111111 111 111 1111111 lauder rube-
1111111111111 seien, welche nieht 111 8111111, etwas 111111111111111111
1111111111111111111111111 111111111111111 1111111111111, um 111
(111111111111 111 1111111111 11111111111111, 1111 11111111 111111111-
11111111 111 1111 1111 111111 ,111111111111111111111111111111111
[1111111111 111 1111111111 1111111111111. 1111111 beigedigten
11111111 111 1111111111 111 jede 11111111 11111111 mit 11111 1111111111-
1111111111111111111111. 111111 werde der 111111 vern 18. August
1817 111111111111111111111111, dese die definitive 1111111111 des
Kirehen- 111 8111111111 111111 1111111111 11111111 111, weil der
1111111111 (1111111111 11111111111811111 111111111 welle.

21. 29. Mai 1818111821. 1111111111 (1111111111 11
1118111111111111111111. 11111111111111 v. Klewiz: Die 11 111111
»111111111111111111 11111111 vom 11111. 111111111111 1111111111
1111450 11111. 11111111 111111 1111111111 Pserre 111 81111111
»111111111111111 111 1111111111111 111111111111111111 will ich 111
»111111111111111111 111 1111111111 111 1111111111 11111111 Merion-
›born 111111111111111111 1111111111, 1111111111111111111, 111 Arr-
›weieung 111 1111111111111111111.

11111111, 111 29. 11111818.
1111111111111111Κ11111111111 111111111 1111111111 111 1111111111 Be-

»11111111111111111111111111111. (111.) 111 11111111111
111111111111111111111 3

 

