90 Ρ11111, 11111. Psarrer 1. 111111311111111911111118111311111111.

111111111311191111111 111 111 11 8111911 191 01191191 11111191-
1191911131 111311191119 81111111131111 119 111111311111 11911111-
11391 (11191 [11111 3119191 19191. 111111 1111 911 11111911 11 ihren
(1111191 1111131111 191191 11111111111111119811111139 19111.
811111 musa angenommen 111191, 1111 111 8111131918111-
31111111 111 01191111 111 1111111111 am 111911191911139 9113111391,

111181111181911, 1911811311, 119111111191111313111111111, s

19191 3111 1111 11 dem 1911 811391 31111191191 1111111111.

111191 119 8111191113191811139111191111 0191111111 111-
1111911111 111911111111139 11191 111 891113111 1191119 1111911111 19-
11131, 1111 1191191 1113911111, 111119 8111191113 89111 und 8111111
111 81111911, 111 1111111 nun 3111118911911111111111391. 8. 256.
Thl. 1. Tit. 13. Δ. 1. R. Ob 119 8111131131111191 1119 1711191
191813111111191111911191 39311 191111 191111 9111131111, 111 im
111111111111111 891111111131911. 256. 9118111111, 111 91 1111
1191 11 dem 1911111191 1111191 11111139111911, 1911111 (19111111

im 113111 Interesse 111 8911111111111911 1113911111111 worden ist.
- 111. 1111111111113911918911111191111111139111111 81. 15. p. 286. -

01 111111131111 111911 im 111111391911911191 8111191191 11 191 3

8111ἰά91191 191 1111191 1111139111191111111111 111, 9119111111111
119 811131111191 11111, 111 111 11131391111113918111911111113111-
1111111, 11 1119 19111131111317911191119111113 191 8911131911 31391-
1119111111 1191111191 worden ist.

11. 89391 11919 811111111113111911198911131111 81111113
1111311131 und zur 8131111113 191891111131111113911. Α. 1131-
111111 17911191 91111 Richter sie zur 819111131113113 um 1911111
111191111111919111111, weil 111 81111111 111119 111 11191 11139-
111119111 3911111111 11111111111391 1111111311 11191111111119191
191131 3919111, und weil sie - 119 891113111--111 [1111191113111
311111111 8911139 111 negotiorum 39111191 191 11113911 111111191
19111, 11 111 119111 81111911113131111 1111111111111111191, 11911
1111111111119189111111311111111911. 1711 111 111 11 91119111-
11111111191891111111119119111 11119139113111, 11 dem 81111191-

11111111191119 - 119 811113191 - 1131131111 8119111111111191 ’

1111911111391111111139111111 11 Ρ1191 vom 71111 1877 111191
11111111391 0191111111111 vom 11111111 1878 11111191 1911113919,
11191119 - 81111319 - 11111111111 719119, 111191111111119111111
911 19111111111131111111111191 1111, 111 111911111111111131, 31111-
111191111111111311 1911111111ᾶί3 1111 1111113191 81111911 111-
111111191. 891 119191 81111131111111111 11111 1911911911191191,
dass 111 1111911311 119111111311 89111139, 1191119 119111 191 Pa·

 

