20 P'ornch, [1111181119 einer· Filialyemeinde 811 8118111181181111818.

’ Δ1181131181181 111111181111 11138111111111811 18118111 1181
11138111 81111811 111 die 11811181111 181818118181 11131181 11 3

v. Steinm's 1181111111818111888111118.

Dor 88111318 1111111 zum Β8118111181181881111111381111118 ,
11181381 181 11181 11 Δ. 81· 111381111181, 1111811381 (1811811- ¹

. 1111 181181118181 181381 111 111 111 11811181811 1113811181-

3811111 1181 11111181181181181 88113. 111 sucht 111 diesem 1181111181
1811181181, dass es 11 8118111111111181 0131111111811 181 11118181-
18111113811 11 11138118111111111 118 3818111181 181, 111118111138111
1181111118 1113811111 181 11118118138111181 1181118181 181, 1118
18818 (1181181 81181 11111138181118 11811 181111181881811111111
181 (1811111818 11 111381181111111 1181111111 81181 doeh 1111118181
zat 1111181111118 181 Ρ1188111111111111381 118111 1818811131 38-
118181. 111118111181 1811811 81 sich 111 118 1111111181

l. 1811 l. 111131. 11111 1811, 181111811818181118118118118181-

11811113 181 11118118(11181111. 11. 3. 4.),

11811 31111111111111 1828, 1811. 111 (188181 111 111· ¹

181113 1188 81188111118111 11 [1118111118111 118 1111811113
1181818811811 (111. 11. 28, 29).
3. 181127. August 1844 und 2. 111111 1849, 1811. 181 1111381
81181 8831811113 181 11118181381181118 111381181111111(Ν1.11.
118381118181 11113811 1111811111, 18 1811181111 88118318118811,
11811 8111111 die 1188181 181111 1111181879 8118131811 1181811111-
111118 1111811381 8811811111 18118111138111 1811181181 konnen.
8811311811 181 18138183181 1111118118 181 1111- 1111 sterbe-
18311181 1811 [1138111811111111 sucht 8811131111181111181, 1188 181
18111818 118 8111 111181811111 111 81118181 55. 481 ff. A. 1111. 11.
11 1181111138181181 1181181 111118, 1111 111 18181181 11811811 111
1181181138 181 [1118111118 1181181181 181. 1118181 11118188 1181 118
11 1113811811111 1813818118181 111181111888111311381, 118
11811 111181 1813818318111111181181 111 1111811 818111811 18111-
1838118101131111·Κ1181811181 813818. 1111111 1111818111811 181
1111811118 881 181 181181 111 111 1113818118811811181 und 1811111
1118118111811381811 18111. dom Amtsgericht zu 1181111111 118-
11111 1111118118 118 1811 111381181111111811111- 1111 81811818318181
1113811811, 11811111113811811111 1111811811 1811111381 werde.
[11138111 18118111, 1111 18118111181811[111381181118111 1181
118181 ihm 1813818118111 ’111181 111 888111311381 1811111181
11 1118111118 111111811113 gemacht habe 111 1111 11 18138 181181
11818 *111181 111 388111311381 11 11811181811181181 88118111 181

 

