80 111111, 1111111119 einer Filialqemeinde 11111111· 11111111111111.

111111111111111111111111 11111 111111111111 1111 gibt. Klagorin
verlangt 1111 111111 1111111111 1111 11111 dom 1111111111 11-
1111111111111.

11111 5. 714 Α. L. B. 11. 11 11111 111 1111111111111 111·
1111111111 111 11111111 Hand· 111 8111111111 zu 111111. Υ111111
111 1111111111 1111111 11111111 1111. die 111111 11111111 11111
1111111111. 1111111111 1111111 11111 1111111113 1111111· 111 1111111
1111111111111111111111011111111111111111 111 111 1111 111111
1111111 - 111111111111 - 111111111111111113111 11111 1111111111
11111111111111111111111. Boi 1111111111 1111111111 11111111111111
1111 nurum 1111111111111111111111, 111 111111 111111 1111111
von 1111 8. 714 111. 1111111111011111111111111 1111111

Die 1111 1111111111 11111111111111111111119111111111
111111191111111 vom 12. 1111 1888 1111111

»Der Revision 111 1111113111 111 (111 1111111111111111.

Aulangend:

1. Die Frage 1111 111 11111111 111 111 1111111111 111111-
11111111 111 1111311111 1111111111111111111111, 1ο 1111111 111 deren
Beantwortung massgebenden 1111111111 111111111111111111111111-
1111111 11111111111111111 vom 111111111111111111, durch 111-
1111 111 1111111113 (111 1111111111 11111111111111111 111 11111111-
1111, 1111. 11111 111111111111111111 111111111111111111111111111111
warde. 111111111111111111 111 in 11111 1111111111 11111111 11-
111111 111 Bejahung 11111111111111111 111111 1111111111 11111111
11111111111111 und 1111 11111 111111111111111111111111111111111,
1111 111111 111111111111111111111111111111, 111111 wodor gagen
1111 1111 11111111 1111111111111111 1111111111 111111111111111
1111 11111111111111111111111111 1111111111.

11111111 1111 dem 11111111 11111111111111111111111111·
gangen 111111 1111111111 sich die Bildung 1111111111 11111-
gemeindo 1111 11111111 1111111111 111 1111111111111111111111
[11111111 1111111111 habe, 1111 11111111111111 1111 111111 11111111
zu 1111111111 111, 111111 1111111111111111 11111 111 1111111111 11-
111111, 1111 1111111111 11111 1111111 Mitte 111 1111111111111111111
eine organismo, d. 1. mit 111111 111111111111111111111111111,
11111111111 1111111111 111111111111111, 11111111111111111111
1111111111111 111 einer 1111111111 111111 111 11111111111111111-
11111 11111111, 11 1111111111 Umgrenzung 111111111 habe und 111
1111111111 1111 1111111111 111 11111111 1111111111 11111 111·
11111111 Akte 111 staatsoberhaupts und 111111111111111111111,
11111111 1111111111 1111111 1111111111 111. 11111 11111111 1111

1

 

