Ueeernarme kirchl. 188188 881188 Erat der 88111. 68881818. 343

881 1881818 1889190 81888818188, 881118 888 [1181881811888
188 8818188888 88188888 88 888881181188.

1181888881881 (188 1818888 (188 881188188, 8818188 888811 888
1888811818818818888, 818 8881 888 188 1181881888 1181888118
Verpfliehtung der 118888118188 (18881818 888118181811888 188 18-
88118188 881 881888 (18188188 1818888 88 188188 8188881818, 181 vom
1881888888188888 Η818188188811 818 188 ersten 11181188118111888
8188818888 worden, 8118881 188 888181888881888 88 8888188 88188
’ 188 21. November 1889 auf die 88881888 188 1111888 18118 88-
18881 habt

1888 188 88118818 118 81811 1888811181 88 88881188, 118

1118888 118 188 8188881818 1881119088 188 (remerare-Aegaeon,

888811 (18818 88118188 zur baulicherr 1181881811888 188 Lo-

88118188-118118188 881 zur 1181881811888 188 1888118188 811

1818881188 sind, 1888888818188.

Die dem 88118188 88881188 1818818118881888818881811888
88181818181 darauf , 1888 888811 8881 (188 1188888188 188 1188818-

f 88188 18 81888 vor dem 1188181. 18818888118 88 111818 8811118188

11881188188118 818 8881 8881 188 11188 188 188188118-18188 88
Η818188188811 8888881888 881, 1888118 hier 1888118188 1188188 81818
von der politisehen (1888181811811888811888188888 888188 88188,
881 188888 881 (118 1181881818, 1888 8818188188 11888818 (188 1188881818
118118888118, 118 881118881181 888 1881811888 188 1888118188 8811181
111188, 8888811181 von (188 118188118888 dieser Gemeinde 8888181881
8888888881 8811181 darauf, 18888881 81888881 18188881881881-
88118881818188111111811888 188 Κ118181.1188188888, 1111811888 118
Κ188188-8818818188888 88 8888188 88 8881 188 ,18188 1886118
8881181188 88881181 worden 881, (1888 der 11881888 rom Jahre 1784
181181181 (1188811118818 88881818 [18118888118 1881188.
8888881818888881888 8818 1888888 an:

· 1888 188 11881888 888 1781 - 8818188 8881881118 118 8881111818

1188811888 1118 118888818811888 Η88888181888188 1188888 818 Μ11-

8118188188118881818 118118888118 88188 11818818118888188188188 ¹ '

18811888 181181188188 [8881-0881888 8881 (188 888. 1888118188-118188188 .
bilder - 81811118 8811118818118881818 118118888118, 8881888 118,
818 1188111818 (1888888181 1818818118 118888811811 18188818 881
88881118 88 118118888118 8811181888 1811811188181888881181188 881-
188881 konnen. Da zur Ζ811 (188 188888881881188888 8188111818
1118881888 ven 1181188881181811811881 waren, 881 8881 188811888
11881811818888 8881 118 11881118188 1818888888 1888811888 8818 8811
durch 11888881818888888811888188188 werden 1888188, so 1888

 

