11111011111111111111011011011100 1111011101 1100101110ὴο 63

81110011110110110 vom 10110 1800 80110 31. 1100010011 0111000 001-
00110 1101001 11101 dem 2. Mai 1810 01101010101111, 01101 welche
010 1110111010 10110101010111011111 110 001 Κ11010111ο101010 001101
11 0011 8111001111011011 11101 010 0110010110 01101011 000 1111110 01100
10001 0110 10010111 111100. 11101011110011110110101111011101810
80110 121. 801 dieser 80011010 101 11011 0111101101, 0000 010
8011100101 80111001, 01001011001110110101111101001111110 110 001
1111001 000 11110010110110110 11110011 Κ11010110101010 01111101 101-
1011110101 111100, 11011 010 11011 desselben 0110 1101011111 101
und 111 01101011011100111101 10110101 1010011000101Κ111011101
1011110. 0000010 1101111101 11110110 1800, 010 1110 1110100001
110101 001 0111101111 000 1110110100110 1001010 1001011 110101, 01101
10101 10101010 01810110 000 01101 11011101, 1101 0010101001110-
10111011.

11011 010 11011 000 Κ1101011010111000 0110 0110111011110
1101011111 010 dem 001110180911110, 00 1111001 01101 11011 0011
111000110101011111001 110100100101 8011001011 010 1011110101 110
1010111010180111001 010 11101011 01100 Κ1101011110101000 00101011
010110111 10101. 0000 101110100 0011010 00010101011011001111110,
001 11011011111111101011, 000 0010101110011010 11 1100011111 110
11 010 1010010 1011111011100010101 101, 0111110101101111101010111111
001 01101001 11 11111 0001101101101000. Ηο11ο11110101101, 0100
001 11101111 11 1101111110 01101 101101111 vom 10. 10111011842
“ (IV. 11) 010 11111 01100101018110101111010100001001101110110·
0101111101 (11011 110101 0001. 552 A. L. 11. 11. 11). 101101101
00110110101111 1101111110, 1110 1111110111 1010111101 110 8011011111
11011 1001111101 101, 001 auf 01110 00000001100101120.11111815
101 1011111101 1111010110101010 00181110110110110011111101οο1111ηο
111111010111010111. 11101101 10110 1011101, 0000 00110111 11101-
11010101 11110001 101 011011 Κ11010110101110 010 10111010100100-
11011100 010 Rode ist, so in 001 1110111110101 001110100101011011
28. December 1828 (111. 5) 1101011 21. August 18631111. 10).

111010011οῃ 101 010 [0111110111 0001110101101010100 001101 10-
1011110111 10100101011011 000 1011101010018110110 11101 010 1101100101.

4. 11 001 11011101 01111001 010 001 10111011809101111
01101 101101100101 (1011011100 111101001111110 110111000111011101 010
Rode. 101 001 1011 01, 110000 [1111100110101101011101010100 11110,
101 1101010111 110101 01111001 001101001100010101 801010011

0) 000 81110110101010101 011101001111110,
1) 000 1111001010οο 111110011110110110,
0) 001 1010011000101111101111101 001 110110111111 11101011,

 

