111111111111111 Filiaeyemeenee 11 einer Kleeterkirche. 73

11 111 1111111111111, dees der 11111111111111 111111111111111111
1111111111 111111 111 11111111 1111111111111 111111111111111
8111111111 11111. 111 1111111 1111809 111111 11 dieser Beziehung
11111 ee 11111 Memento vor, wie 111 111 11111111 doeh 1111111111
111111111111111 seit 180911 111111 8111111 111 1111111111111.
1111111111 1111111111 1111 die 1111111111111 1111111111111 111
11111111, Ρ11111, 1111111111111111 8111111111 eber den 11111111-
111111 111 weit 11 11111111111111111111 111111.

Dutch 1111111111 11 Nr. 1-5 0111111 111 111111111111, dese
eine 1111111111 11111111111111 111111111111111 11111 1111111111
1111111111111111111111126.1111111672, 1111111111 eber 1111 111
zet, 11 1111111 111 Κ111111111 11 111111 111 beekmenn'eehen
811111111111111111111 111 1111111111 111 Κ11111 111111111111
1111111 1111 11111 111111) 111111111, eleo lenge vor 1111111111 111
1111111111 1111111111 1111111111 111. 1111 1111111111 11 111111-
111111111 11111 1111111 1111 111111111111111 111111111111111 11111
1111111111 11111111 1111111 11111 1111111111 1111111111111 Κ111111·
111111 1111 1111 dem 111111111111111111111111 11111111111111111-
111111 111 11111111111111. Die 1111111 111 1111111111111111111
8111111111111111111111111 111 11111111111111 [1111111 1111. 1111.
8111111111, 11111111. 64. S. 125; Η111111111, Κ11111111111 ee. 2.
S. 323, 409, 121170. ,

Dureh 11111112 §- 17111115 1, 1 111 1111111111111111111
werde 111 111111111111111 1111111111111 eu 111111111111111, 111
111 1111111 111111111111 1111111111, 1111111111111111 1111111111. 11111-
11111, 1111111 1111111 noch 1111111111111111111111111, 1111111111
-bie zur 1111111111 111 1111111111 1111111111 (1. 1111 1194) 1111
111111111111111111 111111111111111111111 111111. Der 1111111111111-
111111 111121. April 11172 1111111111 im 111. 10 §.a 111 Retho-
liken 111 111111 1111, we 111 111 publicum 111111111111 hatten, 1111
81111111 Ρ11111111111111111, 1111

»111 (1111111111 111191111111111 111111111111 111 111111·

derum die eombinirte 11 sepul-irem«

1111111111 1111111111 1111111111, se entspreeh 11 1111 dem 8111
dieser 1111111111, 1111111111111111111 111 111111111119111111111
1111111111 1111111111 01111111111111111111111111 11111 11111111
11 einer Pereehie, 11 der zwei Kirehee 1111111111111111011111111111
111111111, 111 11111 11111111 1111111111111111111111111111 11111-
1111111111111111 111111 1111111. 8111111 1111 111 11111111111111
1111111111111111 Κ111111111. Η1Ι1 rnen 11111 1111111111 11111
1111111111, 1111111111 1111 111111 1111111111, 111 1111111111 Mit-

 

