456 1119191991 Solum, 1’11(·19111991181.1.

199999 99999991 99199, 9991919 9199919111, 1999 919 au 191 1191-
9919191999 1191991999, 19 191991199 Fortu, 19119191919199919191
(199919191919991911999 9191 1911911999( (S¹ 297). 119111 991199 wir
9191 sagon: >in 1919911199 1191199 19 11919191 919 919 (191199119991
1191991999 und 199 119911 191 1191991919 199911119119191 9191911.
119 11991 gar 11919 Interesse 191, 99999 91999 19111911 191 1199191919 an
der synode zu 91191199, 91191 99 191 19191 191991, 991 191 9919199
Seite 119 1119911119 9119191911 91191 (1911911 auf 191 899919 9911191199
99 1191199. Der fulgendo §. 11191119119191991111111 »Die 119911 191
synode« und 9191191119 1991 1199111919, 1999 919911991191 jede, auch
1119 11919919 9999919991199991999099911 war (S. 314), weil die
119199, 1119 119 919999 9991 1919 (11991199 1911111919 199 111. (19191
191 (S. 320). 119199899919191 11191 119 11119119 1991111919 6919911.
1199919 191, weil »jeder 89991919911999191911919999919199899ώώ-
991199991919191 aufyehoben werden 1999( (S. 323). Die »199911911911
von 191 91999 39991999119991919, 11919191 199111191 19199 89119919
9999191991, sprach 1991119191 919 91199 991919 1191991111919119911-
1991919111913999199 999( 13326). »1919 Ρ91191 9199 nach 11999
191 1191911919 991 9991 1199991119111919999911191119199 1919199999

mit 199 8999191991119999 919, weil 99 91999 1991199919 fiber 119
111911191991199119191191911991( (S. 326 1919. 531. 1119 91991911-

119199 3111 199 191 1111199199 1111919, 119 99199 119191 199 1911199199 1
119191999991991919911999919119, 11999 91911 119 99991191111919 ¹
Stellung 191 8999199 991 119199 199 991919 (1999911911 91919991 ξ

1919919119 99119 991199 19 111199191 Ζ911 99199199 1991991199199
391999 991 111991919911919911111199 9919199119199. 119 91919199, 99911-
1919 919 9918999199 99199919111 waren, zu 1111919, 9911111 1919911991.
191199 Η11999911 919191 119 1191919119111911911191 091991199911
199 S. im folgenden: ›Vor 911919 9991 119 199199119σῆ991 3999111999

91999 911999191999 0999119 9191 919 991919 111 119 1111919 1991111111 ¹

unverbindlich. Auch 111119991999191199199 39991119991191 991919
99 919191819119 11111999, 191911 99 191 1199991199. 119 199 919999
099911 199 111999 99199 3999111919 1191 199 6199199 9919991 19119,
1191 191911 1919999999 1911199191919 199 1991999191119 1199919 19-
991191. 119 91191 9191 1191199111 191 99911199 811911 919 119119-
9991199. 11991 199 99999 4. ,1911199191 191 199 1991 (19199991 191
1111991991 999199199 8999199 9111111, 991991919999119199919919199-
(9911991911999919199911999991191199. 1111911919 199 19191191 99-
wesen, 11999 1919 concil von 111999 1991111919 391999199 991911191-

119191 1911991991911999 19119 99999199199 werden 1919999( (S. 331)1 2
1119 ob der Competenz des Gerichtshoses 19191911 91999 19119199 ³

 

